# #"Time" "KineticEnergy" "SolenoidalDissipation" "DilatationalDissipation""
5.000000000000000278e-02 1.249894226738065550e-01 4.689486536281183829e-04 5.906751728826202445e-07
1.000000000000000056e-01 1.250037986283004388e-01 4.697016936768777604e-04 2.284948617041576607e-06
1.499999999999999944e-01 1.250410101810097707e-01 4.710309662842191380e-04 4.854631772972643404e-06
2.000000000000000111e-01 1.250978189695626519e-01 4.729513794695958747e-04 7.966656725471839631e-06
2.500000000000000000e-01 1.251703798837214832e-01 4.754739199373870834e-04 1.123836995420046126e-05
2.999999999999999889e-01 1.252547837660461794e-01 4.785972200515679897e-04 1.430603162040002724e-05
3.499999999999999778e-01 1.253476063988357703e-01 4.822996848160401363e-04 1.689446942764334433e-05
4.000000000000000222e-01 1.254463655631244123e-01 4.865345466681755718e-04 1.886989013968501277e-05
4.500000000000000111e-01 1.255497835367918036e-01 4.912301618000492138e-04 2.025893964538350671e-05
5.000000000000000000e-01 1.256577719068527332e-01 4.962965845265425316e-04 2.122858354067895740e-05
5.500000000000000444e-01 1.257711031496524801e-01 5.016371878250501992e-04 2.203660499102901856e-05
5.999999999999999778e-01 1.258908006718754691e-01 5.071620797137729297e-04 2.297021237390581343e-05
6.500000000000000222e-01 1.260173513964563674e-01 5.127995659452862752e-04 2.428707447682507372e-05
6.999999999999999556e-01 1.261499105908721607e-01 5.185030795978382142e-04 2.616585510311648306e-05
7.500000000000000000e-01 1.262857159635424609e-01 5.242528883088379537e-04 2.866985850405879337e-05
8.000000000000000444e-01 1.264199363923072805e-01 5.300534295942634306e-04 3.172958184298128029e-05
8.499999999999999778e-01 1.265461194635182640e-01 5.359278323706239853e-04 3.515378808767069096e-05
9.000000000000000222e-01 1.266572482047975123e-01 5.419111772724427740e-04 3.867731665552128504e-05
9.499999999999999556e-01 1.267471874753385852e-01 5.480436907191760937e-04 4.204138419368304492e-05
1.000000000000000000e+00 1.268120808099210128e-01 5.543646544208750276e-04 4.508063987188506673e-05
1.050000000000000044e+00 1.268511926029622650e-01 5.609074680088088193e-04 4.777659537056461441e-05
1.100000000000000089e+00 1.268668822103738714e-01 5.676960231768898987e-04 5.024827996054663845e-05
1.149999999999999911e+00 1.268637863361835594e-01 5.747423152048141207e-04 5.268602986079640871e-05
1.199999999999999956e+00 1.268476516100019158e-01 5.820450832825154342e-04 5.526872528968379409e-05
1.250000000000000000e+00 1.268243692874908568e-01 5.895893211490474146e-04 5.811645995047874956e-05
1.300000000000000044e+00 1.267995376283675424e-01 5.973467379822395640e-04 6.130841467194259292e-05
1.350000000000000089e+00 1.267784637802839287e-01 6.052775277690962061e-04 6.494605128187685484e-05
1.399999999999999911e+00 1.267662364477664116e-01 6.133338930737226987e-04 6.921031881361268596e-05
1.449999999999999956e+00 1.267675538275390978e-01 6.214655191446654889e-04 7.438427913943305590e-05
1.500000000000000000e+00 1.267862453008443135e-01 6.296266300925052904e-04 8.085610200753435000e-05
1.550000000000000044e+00 1.268246306189149686e-01 6.377835597959347069e-04 8.914078028183430662e-05
1.600000000000000089e+00 1.268829258994013109e-01 6.459212219873443437e-04 9.996666969675570389e-05
1.649999999999999911e+00 1.269588928991556287e-01 6.540467241504229270e-04 1.144649388486053789e-04
1.699999999999999956e+00 1.270479044838249694e-01 6.621888078302144752e-04 1.344162144207861347e-04
1.750000000000000000e+00 1.271434255935251778e-01 6.703955935831182669e-04 1.618818363312166054e-04
1.800000000000000044e+00 1.272376749270409391e-01 6.787305672997609885e-04 1.952105543093290378e-04
1.850000000000000089e+00 1.273232852102071100e-01 6.872548842141404813e-04 2.312024484388064741e-04
1.899999999999999911e+00 1.273943357145041200e-01 6.960282677975483624e-04 2.670589270482305838e-04
1.949999999999999956e+00 1.274467834331095284e-01 7.051115863234736240e-04 3.011892401941120966e-04
2.000000000000000000e+00 1.274784082728624424e-01 7.145748257804660809e-04 3.338006621730048328e-04
2.049999999999999822e+00 1.274880517761409204e-01 7.244497643685899636e-04 3.639107810594141438e-04
2.100000000000000089e+00 1.274761889538914006e-01 7.347902096840553060e-04 3.895964057288133137e-04
2.149999999999999911e+00 1.274450312312692402e-01 7.456666593761183482e-04 4.103729210982565265e-04
2.200000000000000178e+00 1.273979725842922794e-01 7.571468876758590243e-04 4.295670624688267716e-04
2.250000000000000000e+00 1.273374682473391306e-01 7.692950430125928630e-04 4.479057532571256348e-04
2.299999999999999822e+00 1.272642754890024597e-01 7.821143648959696546e-04 4.616650104028638380e-04
2.350000000000000089e+00 1.271803715760260745e-01 7.956662612054496257e-04 4.697932434668764673e-04
2.399999999999999911e+00 1.270883190870285007e-01 8.099968825662508774e-04 4.775265043112449266e-04
2.450000000000000178e+00 1.269897979042678982e-01 8.251103580286726739e-04 4.849870706959627390e-04
2.500000000000000000e+00 1.268860174077749148e-01 8.409614382688887241e-04 4.883206021799705882e-04
2.549999999999999822e+00 1.267805603480338938e-01 8.574755908194929511e-04 4.872451719860546038e-04
2.600000000000000089e+00 1.266775924649089502e-01 8.746641746922395556e-04 4.859205666598864228e-04
2.649999999999999911e+00 1.265808420208841545e-01 8.924650315050966553e-04 4.836449025659821641e-04
2.700000000000000178e+00 1.264937537349015428e-01 9.107450592676177457e-04 4.799927583262324237e-04
2.750000000000000000e+00 1.264199689096957568e-01 9.294638317916542733e-04 4.733100225394591839e-04
2.799999999999999822e+00 1.263628009132295726e-01 9.485254921126179926e-04 4.649544491161592547e-04
2.850000000000000089e+00 1.263244795028865275e-01 9.679306954839267266e-04 4.554750161871313867e-04
2.899999999999999911e+00 1.263061203057319060e-01 9.875747685213574073e-04 4.453025103449355956e-04
2.950000000000000178e+00 1.263077358057349830e-01 1.007504563005175461e-03 4.343586634691339390e-04
3.000000000000000000e+00 1.263285110448300885e-01 1.027673665554262742e-03 4.227206973589490882e-04
3.049999999999999822e+00 1.263671498071402277e-01 1.048133585753850726e-03 4.101825518073979357e-04
3.100000000000000089e+00 1.264223494505882228e-01 1.068957992502022562e-03 3.970799338527954917e-04
3.149999999999999911e+00 1.264929629640281217e-01 1.090323347399011281e-03 3.831185304573737189e-04
3.200000000000000178e+00 1.265782055784761828e-01 1.112287853756453769e-03 3.690944834106136630e-04
3.250000000000000000e+00 1.266774032865464750e-01 1.135190651428420001e-03 3.561308401533402022e-04
3.299999999999999822e+00 1.267895309536158921e-01 1.159170664232224294e-03 3.453985942026600192e-04
3.350000000000000089e+00 1.269122221497446246e-01 1.184361817376688129e-03 3.367454440409783055e-04
3.399999999999999911e+00 1.270419914788007698e-01 1.210821766527369519e-03 3.300516164128203516e-04
3.450000000000000178e+00 1.271751070521026927e-01 1.238673242779914259e-03 3.258184946779161596e-04
3.500000000000000000e+00 1.273074500120431052e-01 1.268002131099346935e-03 3.244504084775689883e-04
3.549999999999999822e+00 1.274338932938128832e-01 1.298803896632976700e-03 3.246753433173056461e-04
3.600000000000000089e+00 1.275493072978407250e-01 1.331031105559784752e-03 3.262216123556252651e-04
3.649999999999999911e+00 1.276490670340508227e-01 1.364515177656896528e-03 3.282355514567345694e-04
3.700000000000000178e+00 1.277294123757630462e-01 1.398974859663751086e-03 3.303910599778406483e-04
3.750000000000000000e+00 1.277871669349819328e-01 1.434088157475460219e-03 3.332636589407455391e-04
3.799999999999999822e+00 1.278190122235566273e-01 1.469519762859679800e-03 3.355414560607168791e-04
3.850000000000000089e+00 1.278220640727132651e-01 1.505025937942788003e-03 3.365853970811237095e-04
3.899999999999999911e+00 1.277943470372259749e-01 1.540580518682021756e-03 3.355444147819187299e-04
3.950000000000000178e+00 1.277360356578975953e-01 1.576224720337428362e-03 3.324320653252303779e-04
4.000000000000000000e+00 1.276496002359688298e-01 1.612086081566289084e-03 3.272143446214031254e-04
4.049999999999999822e+00 1.275397329612821262e-01 1.648339176515582934e-03 3.210381506692617875e-04
4.099999999999999645e+00 1.274121325089782597e-01 1.685123820955865097e-03 3.147454454340506565e-04
4.150000000000000355e+00 1.272724362000823006e-01 1.722587666497565938e-03 3.084279052850324911e-04
4.200000000000000178e+00 1.271256495025008815e-01 1.760922458895016439e-03 3.019801343471277479e-04
4.250000000000000000e+00 1.269759141649305922e-01 1.800272450990043601e-03 2.964111373320221701e-04
4.299999999999999822e+00 1.268258954600244848e-01 1.840784142544027403e-03 2.923439034089911999e-04
4.349999999999999645e+00 1.266765811464190539e-01 1.882512350260745785e-03 2.897612136066891192e-04
4.400000000000000355e+00 1.265273342859745132e-01 1.925444909234996869e-03 2.889507081680465594e-04
4.450000000000000178e+00 1.263759342502802641e-01 1.969498290743213007e-03 2.900054172758478530e-04
4.500000000000000000e+00 1.262190577876567965e-01 2.014527075866703008e-03 2.935058788027149006e-04
4.549999999999999822e+00 1.260526743844151421e-01 2.060326314438600068e-03 2.996440904999617518e-04
4.599999999999999645e+00 1.258727798261493336e-01 2.106703345237765160e-03 3.085300505118444381e-04
4.650000000000000355e+00 1.256763248781859743e-01 2.153566156770568302e-03 3.216289805755484575e-04
4.700000000000000178e+00 1.254613631133735252e-01 2.200841951784212030e-03 3.376892800868489084e-04
4.750000000000000000e+00 1.252278567086905214e-01 2.248584538087248889e-03 3.557868870616890484e-04
4.799999999999999822e+00 1.249769038608670169e-01 2.296749186153989198e-03 3.739784991373773342e-04
4.849999999999999645e+00 1.247101144684851226e-01 2.345301256254781006e-03 3.913809677506331934e-04
4.900000000000000355e+00 1.244290894458442986e-01 2.394219595031347059e-03 4.081049700289033472e-04
4.950000000000000178e+00 1.241352512829750759e-01 2.443499751135241264e-03 4.232984771726187043e-04
5.000000000000000000e+00 1.238304247531294838e-01 2.493117747800424437e-03 4.370983204971067948e-04
5.049999999999999822e+00 1.235168125244230086e-01 2.543265383017715049e-03 4.495598021483048477e-04
5.099999999999999645e+00 1.231963837108016047e-01 2.594269919528626161e-03 4.607742393015883684e-04
5.150000000000000355e+00 1.228702847896516320e-01 2.646294614572543454e-03 4.709435918931849439e-04
5.200000000000000178e+00 1.225388200995326110e-01 2.699481379836332195e-03 4.797411510939709935e-04
5.250000000000000000e+00 1.222020833826065050e-01 2.753879277796484476e-03 4.879800453530624515e-04
5.299999999999999822e+00 1.218603728155046723e-01 2.809731050814967459e-03 4.957861899728886702e-04
5.349999999999999645e+00 1.215139300030469854e-01 2.867158521397039118e-03 5.030129195949994882e-04
5.400000000000000355e+00 1.211627384180575667e-01 2.926305216139647985e-03 5.105273849559016685e-04
5.450000000000000178e+00 1.208068384435027898e-01 2.987128204989712623e-03 5.191906979167833875e-04
5.500000000000000000e+00 1.204465794521570182e-01 3.049759963713120567e-03 5.285707506705075416e-04
5.549999999999999822e+00 1.200830041811615234e-01 3.114383418956305927e-03 5.394378106086515244e-04
5.599999999999999645e+00 1.197177121592312987e-01 3.180829738022759694e-03 5.510589462816715056e-04
5.650000000000000355e+00 1.193530275592207951e-01 3.248611458430532457e-03 5.637192851249128982e-04
5.700000000000000178e+00 1.189914908814430211e-01 3.317169795203954354e-03 5.772638638247735987e-04
5.750000000000000000e+00 1.186355994161963495e-01 3.386258066290989688e-03 5.916823491146788478e-04
5.799999999999999822e+00 1.182875460174679788e-01 3.456173684195149639e-03 6.067712588291615354e-04
5.849999999999999645e+00 1.179490773423761130e-01 3.527193902070168210e-03 6.220879882932640751e-04
5.900000000000000355e+00 1.176215651436895160e-01 3.599921638853382372e-03 6.372058919598349398e-04
5.950000000000000178e+00 1.173060585622489466e-01 3.674844978149514538e-03 6.524905478865839024e-04
6.000000000000000000e+00 1.170036389093101065e-01 3.752203860586043795e-03 6.678508515530265496e-04
6.049999999999999822e+00 1.167158699392527310e-01 3.832953596488106792e-03 6.827996723167598743e-04
6.099999999999999645e+00 1.164451721003651602e-01 3.917737437211442526e-03 6.977831813092343332e-04
6.150000000000000355e+00 1.161941021884232705e-01 4.007141417445615056e-03 7.105403649383224647e-04
6.200000000000000178e+00 1.159646394308656431e-01 4.101618379126302852e-03 7.226660359450616609e-04
6.250000000000000000e+00 1.157566909246146719e-01 4.200629346847999969e-03 7.310393505678512835e-04
6.299999999999999822e+00 1.155676712487637980e-01 4.302533743944949793e-03 7.358682612408884958e-04
6.349999999999999645e+00 1.153926683109998685e-01 4.405270932738669480e-03 7.384067298946901973e-04
6.400000000000000355e+00 1.152247118620574468e-01 4.506603893052786754e-03 7.336377956219949188e-04
6.450000000000000178e+00 1.150568241734057640e-01 4.605137076170649248e-03 7.254642328210174481e-04
6.500000000000000000e+00 1.148820081102848029e-01 4.700255318549461520e-03 7.187603408191354289e-04
6.549999999999999822e+00 1.146939480455219790e-01 4.791656275158748257e-03 7.119977427651173361e-04
6.599999999999999645e+00 1.144882213200628801e-01 4.879902078504674313e-03 7.056973427115008097e-04
6.650000000000000355e+00 1.142614443271607189e-01 4.965367560666054426e-03 7.031873389221728532e-04
6.700000000000000178e+00 1.140109112879633957e-01 5.047238348987884496e-03 7.069870227253996454e-04
6.750000000000000000e+00 1.137339501850306994e-01 5.124517528163269504e-03 7.065310741299762887e-04
6.799999999999999822e+00 1.134299260450899599e-01 5.196405319380573498e-03 7.028410971844569356e-04
6.849999999999999645e+00 1.130994829710572913e-01 5.262766752210446160e-03 6.969205342479981241e-04
6.900000000000000355e+00 1.127448753302544293e-01 5.324675301699899506e-03 6.891830632928758280e-04
6.950000000000000178e+00 1.123699108465015944e-01 5.384550431654788402e-03 6.771045593582093692e-04
7.000000000000000000e+00 1.119801455122232392e-01 5.445192841091192962e-03 6.596101241717114688e-04
7.049999999999999822e+00 1.115828748840838602e-01 5.509223704640753456e-03 6.432787228324451066e-04
7.099999999999999645e+00 1.111846709316968856e-01 5.578961924053727969e-03 6.252477087494918203e-04
7.150000000000000355e+00 1.107903031321614967e-01 5.655727845258079825e-03 6.012957839937880297e-04
7.200000000000000178e+00 1.104029378218948781e-01 5.739865038963034433e-03 5.762856293017975780e-04
7.250000000000000000e+00 1.100232009810954287e-01 5.831096232431009357e-03 5.504231594549492158e-04
7.299999999999999822e+00 1.096490676448494128e-01 5.928698611813597655e-03 5.252554920981638382e-04
7.349999999999999645e+00 1.092790207799524127e-01 6.031554054627194864e-03 5.027449431484565332e-04
7.400000000000000355e+00 1.089120641925930971e-01 6.138259483627043003e-03 4.814031390612944741e-04
7.450000000000000178e+00 1.085499561643600425e-01 6.247892288165166758e-03 4.669589393185452110e-04
7.500000000000000000e+00 1.081949423964321672e-01 6.360411363560706556e-03 4.555739838431123630e-04
7.549999999999999822e+00 1.078494381733983709e-01 6.476381826451980440e-03 4.472436544561758849e-04
7.599999999999999645e+00 1.075151245792955179e-01 6.596071058558300795e-03 4.391569160940126141e-04
7.650000000000000355e+00 1.071927115429192751e-01 6.718205592874437575e-03 4.305514258661773293e-04
7.700000000000000178e+00 1.068812170520424820e-01 6.840568777439184206e-03 4.217988711313344695e-04
7.750000000000000000e+00 1.065786502397805396e-01 6.961704941419884739e-03 4.131834137291182031e-04
7.799999999999999822e+00 1.062836564902216174e-01 7.082231514812447476e-03 4.047049223315902599e-04
7.849999999999999645e+00 1.059954429648816560e-01 7.203824069690890376e-03 3.969718083563726478e-04
7.900000000000000355e+00 1.057122746787965278e-01 7.327516319630668351e-03 3.900992053058464134e-04
7.950000000000000178e+00 1.054307708622515133e-01 7.450760358883998756e-03 3.844390879815444504e-04
8.000000000000000000e+00 1.051452196924388405e-01 7.564957322077825105e-03 3.795674162436276527e-04
8.050000000000000711e+00 1.048479851210862429e-01 7.657342842444777274e-03 3.756990406601689800e-04
8.099999999999999645e+00 1.045304908242821740e-01 7.717264090725221327e-03 3.724446094120387228e-04
8.150000000000000355e+00 1.041854879502207010e-01 7.747907294579780765e-03 3.685748068191576385e-04
8.199999999999999289e+00 1.038091161690652409e-01 7.770481107975357044e-03 3.629687202742788851e-04
8.250000000000000000e+00 1.034004298412054823e-01 7.797937313807196819e-03 3.561528680569957923e-04
8.300000000000000711e+00 1.029591970819979940e-01 7.831142386142164388e-03 3.502322461248841084e-04
8.349999999999999645e+00 1.024856921295076578e-01 7.865770831853151693e-03 3.457778747596777997e-04
8.400000000000000355e+00 1.019837880723178380e-01 7.897333562308922819e-03 3.438773612852208438e-04
8.449999999999999289e+00 1.014616541215777462e-01 7.925670038470998199e-03 3.450744751631747674e-04
8.500000000000000000e+00 1.009289377147704336e-01 7.955393902063370021e-03 3.487079634890892055e-04
8.550000000000000711e+00 1.003932296128570989e-01 7.991624004952610494e-03 3.525844822753686453e-04
8.599999999999999645e+00 9.985926877304911187e-02 8.038638054654002538e-03 3.554621707968414249e-04
8.650000000000000355e+00 9.933039189890026377e-02 8.098084417283536035e-03 3.562027670803479874e-04
8.699999999999999289e+00 9.880874070212244953e-02 8.169986009397544116e-03 3.536794383903033609e-04
8.750000000000000000e+00 9.829379072405397544e-02 8.256386134000495702e-03 3.469285424755886292e-04
8.800000000000000711e+00 9.778343603491783387e-02 8.359683502190747018e-03 3.356934897517785464e-04
8.849999999999999645e+00 9.727554366067052427e-02 8.478580988789908776e-03 3.236404911119956191e-04
8.900000000000000355e+00 9.676563552640378429e-02 8.607221403345464636e-03 3.116895516925957178e-04
8.949999999999999289e+00 9.625317481540143771e-02 8.738255788534880081e-03 2.996124858747236373e-04
9.000000000000000000e+00 9.574493705563247303e-02 8.866697078468278523e-03 2.879718985257204459e-04
9.050000000000000711e+00 9.525039576597511826e-02 8.988019762970507823e-03 2.775336318106390722e-04
9.099999999999999645e+00 9.477625438019633697e-02 9.097544135656207565e-03 2.692991909107193328e-04
9.150000000000000355e+00 9.432306531876324951e-02 9.192223845575936761e-03 2.640497729439754047e-04
9.199999999999999289e+00 9.388447312660515298e-02 9.271096089258790834e-03 2.612198597047012344e-04
9.250000000000000000e+00 9.345068978182971553e-02 9.335414453512057981e-03 2.590457996199838986e-04
9.300000000000000711e+00 9.301553768470884054e-02 9.387386423316785439e-03 2.570237457227427750e-04
9.349999999999999645e+00 9.258049508459866017e-02 9.431097296555526061e-03 2.560369375474751065e-04
9.400000000000000355e+00 9.215089481212199174e-02 9.470042675035074409e-03 2.573632411160971765e-04
9.449999999999999289e+00 9.172741711221635286e-02 9.503731585629284287e-03 2.609763185022398848e-04
9.500000000000000000e+00 9.130315727911889057e-02 9.529623461156152414e-03 2.643765035344753777e-04
9.550000000000000711e+00 9.086953372403978879e-02 9.542916564811021116e-03 2.637176957565359986e-04
9.599999999999999645e+00 9.042303135983645324e-02 9.539097168715671496e-03 2.594894753125030697e-04
9.650000000000000355e+00 8.996535171099007133e-02 9.522900307844393147e-03 2.512288900004233899e-04
9.699999999999999289e+00 8.950286034464835505e-02 9.503585955728777526e-03 2.404989520364440782e-04
9.750000000000000000e+00 8.903861542053520539e-02 9.489575982000678783e-03 2.314808216930832848e-04
9.800000000000000711e+00 8.856516826823353228e-02 9.481658260896801138e-03 2.242209754058160042e-04
9.849999999999999645e+00 8.807019957706331559e-02 9.475833737128413342e-03 2.168266557035036606e-04
9.900000000000000355e+00 8.755017431497573444e-02 9.472616238351910800e-03 2.082272659624461418e-04
9.949999999999999289e+00 8.702081968501210185e-02 9.478966322271152600e-03 2.035044750813394976e-04
1.000000000000000000e+01 8.650400496371089820e-02 9.501094264429993386e-03 2.038769133142661184e-04
1.005000000000000071e+01 8.601038911826908162e-02 9.540455882870592375e-03 2.044673235837835804e-04
1.009999999999999964e+01 8.554190107159316547e-02 9.588765745325945888e-03 2.009270972601138040e-04
1.015000000000000036e+01 8.510162611007690558e-02 9.636224768827668721e-03 1.948114202768542005e-04
1.019999999999999929e+01 8.469208997160196373e-02 9.677870670342817588e-03 1.887494945350568583e-04
1.025000000000000000e+01 8.430955183342099535e-02 9.712041699741966877e-03 1.836674303135834739e-04
1.030000000000000071e+01 8.394710196711123451e-02 9.735728749730623854e-03 1.784545435260515684e-04
1.034999999999999964e+01 8.360128879584372008e-02 9.747088025412522019e-03 1.752395058352500365e-04
1.040000000000000036e+01 8.326544595174491248e-02 9.749118117070756928e-03 1.729707330193836282e-04
1.044999999999999929e+01 8.292922502420842223e-02 9.742339882110245125e-03 1.688749300653580722e-04
1.050000000000000000e+01 8.258685125663876858e-02 9.728236945807003377e-03 1.646487216675188614e-04
1.055000000000000071e+01 8.223317775972187327e-02 9.713252448216080914e-03 1.619984397899825379e-04
1.059999999999999964e+01 8.185948574930429489e-02 9.702723442874849544e-03 1.603412327922415265e-04
1.065000000000000036e+01 8.145897433035075019e-02 9.694647034290246670e-03 1.586824294431134989e-04
1.069999999999999929e+01 8.103063375398517065e-02 9.691031312597915559e-03 1.544396317416802116e-04
1.075000000000000000e+01 8.057893871493637672e-02 9.701070168395527563e-03 1.479238793631549925e-04
1.080000000000000071e+01 8.010823761492967543e-02 9.730347078200429073e-03 1.420180356024298800e-04
1.084999999999999964e+01 7.961845501735806407e-02 9.776159562603570913e-03 1.379603463674895542e-04
1.090000000000000036e+01 7.910811097666621550e-02 9.833628400233574221e-03 1.339795424030628117e-04
1.094999999999999929e+01 7.857827959202229318e-02 9.900043947878293948e-03 1.309431091192644154e-04
1.100000000000000000e+01 7.803005964875221745e-02 9.969601653888821371e-03 1.307210328750778067e-04
1.105000000000000071e+01 7.746445421226322292e-02 1.003438322018831812e-02 1.323702658713795267e-04
1.109999999999999964e+01 7.688692320384085677e-02 1.008997561562340745e-02 1.331173542710952407e-04
1.115000000000000036e+01 7.630821121007204388e-02 1.014188851593993655e-02 1.322413396535906905e-04
1.119999999999999929e+01 7.573947802744805669e-02 1.019559201104100823e-02 1.316956657351460252e-04
1.125000000000000000e+01 7.518547455139458491e-02 1.024951045012567098e-02 1.316346810901537518e-04
1.130000000000000071e+01 7.464386428974568999e-02 1.030121259711682877e-02 1.307658250733278820e-04
1.134999999999999964e+01 7.411125680895150336e-02 1.035061240277252922e-02 1.280707748864777225e-04
1.140000000000000036e+01 7.358873870649189353e-02 1.039857224157545584e-02 1.248415550722274865e-04
1.144999999999999929e+01 7.308039103323221708e-02 1.044570848036091744e-02 1.230301727266050926e-04
1.150000000000000000e+01 7.258813942322879520e-02 1.049057274385821123e-02 1.220979955019429444e-04
1.155000000000000071e+01 7.211109785258025540e-02 1.052826078152749659e-02 1.200972364136483411e-04
1.159999999999999964e+01 7.164940395983308841e-02 1.055667231491301192e-02 1.181507999326102489e-04
1.165000000000000036e+01 7.120340500364452652e-02 1.057545892976690174e-02 1.186021298884879866e-04
1.169999999999999929e+01 7.076902771563828298e-02 1.057944322011433562e-02 1.188923444153740954e-04
1.175000000000000000e+01 7.034183034332841533e-02 1.056851294965483433e-02 1.172396055388730116e-04
1.180000000000000071e+01 6.991880406705290596e-02 1.054735127909574646e-02 1.151203947758767791e-04
1.184999999999999964e+01 6.949840643835812626e-02 1.052115857401862697e-02 1.139990074414294347e-04
1.190000000000000036e+01 6.907909285058080884e-02 1.049325096340849965e-02 1.143708659474737928e-04
1.194999999999999929e+01 6.865652107082306776e-02 1.045918606068473380e-02 1.129098519278224488e-04
1.200000000000000000e+01 6.822910320712625987e-02 1.041942107461392777e-02 1.095351794944610433e-04
1.205000000000000071e+01 6.779711358229816021e-02 1.038083503505215013e-02 1.076143723876681226e-04
1.209999999999999964e+01 6.735761440604924599e-02 1.033809133294038424e-02 1.073707922319881518e-04
1.215000000000000036e+01 6.690887725199759495e-02 1.028032621625810800e-02 1.069472848540637761e-04
1.219999999999999929e+01 6.645426194202899706e-02 1.021046967833303017e-02 1.068296259651426247e-04
1.225000000000000000e+01 6.599640702965110794e-02 1.013425956005230624e-02 1.069808448453899450e-04
1.230000000000000071e+01 6.553218517791480069e-02 1.005278003274928840e-02 1.067790887228213146e-04
1.234999999999999964e+01 6.505367630892247566e-02 9.965859260060824093e-03 1.065578932595904847e-04
1.240000000000000036e+01 6.455432698950916426e-02 9.874701328300870481e-03 1.071996055589523219e-04
1.244999999999999929e+01 6.403258133278787179e-02 9.778479656307025730e-03 1.076187303450889973e-04
1.250000000000000000e+01 6.349377872882037976e-02 9.679118826114573026e-03 1.061297011076938466e-04
1.255000000000000071e+01 6.295010201102495262e-02 9.582295443667098941e-03 1.037797653996851301e-04
1.259999999999999964e+01 6.241323118138313031e-02 9.490622084899806576e-03 1.019064865296706601e-04
1.265000000000000036e+01 6.188750616188347375e-02 9.403503901208750543e-03 9.970682693324052167e-05
1.269999999999999929e+01 6.137225231542438320e-02 9.319882078771480477e-03 9.690730867274105281e-05
1.275000000000000000e+01 6.086566366031020969e-02 9.237541492711753496e-03 9.462831956995650530e-05
1.280000000000000071e+01 6.036554445426910859e-02 9.155062227793969720e-03 9.262721026474610446e-05
1.284999999999999964e+01 5.987212876749783974e-02 9.073047652533278162e-03 9.070400785454549601e-05
1.290000000000000036e+01 5.938831739827245271e-02 8.994379728822969253e-03 9.023991698510945515e-05
1.294999999999999929e+01 5.891436464690417291e-02 8.921578682600520699e-03 9.134198971237056223e-05
1.300000000000000000e+01 5.844609977553785057e-02 8.854375758208334057e-03 9.247122166156768446e-05
1.305000000000000071e+01 5.797787897250056277e-02 8.790663916212505813e-03 9.250097598237916872e-05
1.309999999999999964e+01 5.750546503427624717e-02 8.727966896649451065e-03 9.169916340848431201e-05
1.315000000000000036e+01 5.702716686548292557e-02 8.664212432191707031e-03 9.027719970834440150e-05
1.319999999999999929e+01 5.654542870146780920e-02 8.597983385482801943e-03 8.846160263465717498e-05
1.325000000000000000e+01 5.606661143067478981e-02 8.528777764132246600e-03 8.704047061442397035e-05
1.330000000000000071e+01 5.559728537693619382e-02 8.457104083662852698e-03 8.687225190070457770e-05
1.334999999999999964e+01 5.514071687326580623e-02 8.383838274362497359e-03 8.761457842020317838e-05
1.340000000000000036e+01 5.469816132756322863e-02 8.309932669652625795e-03 8.869095779084601699e-05
1.344999999999999929e+01 5.427021965520829189e-02 8.235912009496242081e-03 9.013623814270831764e-05
1.350000000000000000e+01 5.385579262464493255e-02 8.161677189590410206e-03 9.093604795932769649e-05
1.355000000000000071e+01 5.345386912866682133e-02 8.087422144566662821e-03 9.041475860620849586e-05
1.359999999999999964e+01 5.306461921211332033e-02 8.013822116409427543e-03 8.943632840281353095e-05
1.365000000000000036e+01 5.268736622880398901e-02 7.940452099866233959e-03 8.887074008379131009e-05
1.369999999999999929e+01 5.231929922971129132e-02 7.865379875875077795e-03 8.821088212458416406e-05
1.375000000000000000e+01 5.195755584902316676e-02 7.786570538473315019e-03 8.720659690145403679e-05
1.380000000000000071e+01 5.160135032680630840e-02 7.702937571243383304e-03 8.673388387872837122e-05
1.384999999999999964e+01 5.125087077880650932e-02 7.615311580607667455e-03 8.667143654604442791e-05
1.390000000000000036e+01 5.090687021628767517e-02 7.526778341117315412e-03 8.597322641788050941e-05
1.394999999999999929e+01 5.057203773564845212e-02 7.439703731178306904e-03 8.493841911000199886e-05
1.400000000000000000e+01 5.024969517939537750e-02 7.353995769293978670e-03 8.443714834107085001e-05
1.405000000000000071e+01 4.994154824190586567e-02 7.269081765455194175e-03 8.483758120154961653e-05
1.409999999999999964e+01 4.964684289684891810e-02 7.185065543302334573e-03 8.631628754925914826e-05
1.415000000000000036e+01 4.936238916393369258e-02 7.102597965323365937e-03 8.812956722411326984e-05
1.419999999999999929e+01 4.908423791913688050e-02 7.023077302263119014e-03 8.873835045872256516e-05
1.425000000000000000e+01 4.880994643110037057e-02 6.947540290383622842e-03 8.830928860222920281e-05
1.430000000000000071e+01 4.853793460772186374e-02 6.875972953052259667e-03 8.779724760996179031e-05
1.434999999999999964e+01 4.826653224885463916e-02 6.808336431840434841e-03 8.695117941480130872e-05
1.440000000000000036e+01 4.799619409826397926e-02 6.744966727751306942e-03 8.590895526628010491e-05
1.444999999999999929e+01 4.772868513237685240e-02 6.685652873814106403e-03 8.588709169994109699e-05
1.450000000000000000e+01 4.746243102179467654e-02 6.627648209109902010e-03 8.687333539137616378e-05
1.455000000000000071e+01 4.719283559619635166e-02 6.566906682616099021e-03 8.720552452499978526e-05
1.459999999999999964e+01 4.691738334148377182e-02 6.502710583643056715e-03 8.630434789443388840e-05
1.465000000000000036e+01 4.663578095216303759e-02 6.436365813752635903e-03 8.453400349430739680e-05
1.469999999999999929e+01 4.634777677995711304e-02 6.368856382779777489e-03 8.247958519151435386e-05
1.475000000000000000e+01 4.605267654117942144e-02 6.300745776668190655e-03 8.079110983735881895e-05
1.480000000000000071e+01 4.574935102015733474e-02 6.231693107322789499e-03 7.936597133409232488e-05
1.484999999999999964e+01 4.543770173194259382e-02 6.161127135977149429e-03 7.787805396383629065e-05
1.490000000000000036e+01 4.512007547888159664e-02 6.089231644980609356e-03 7.622004536204040302e-05
1.494999999999999929e+01 4.480064570721238593e-02 6.017037458680569474e-03 7.454802841171622222e-05
1.500000000000000000e+01 4.448310458429157593e-02 5.946070331311784779e-03 7.290183956264519331e-05
1.505000000000000071e+01 4.416984731830656680e-02 5.877637554318644597e-03 7.076053050993941120e-05
1.509999999999999964e+01 4.386393040254712300e-02 5.812095092604867980e-03 6.861385450856759868e-05
1.515000000000000036e+01 4.356849981540441424e-02 5.749173226691783184e-03 6.750936685195192655e-05
1.519999999999999929e+01 4.328440379636734614e-02 5.688873716727830404e-03 6.683902036594227840e-05
1.525000000000000000e+01 4.301157840202748939e-02 5.631589476848021351e-03 6.528756981431506302e-05
1.530000000000000071e+01 4.275127460324019274e-02 5.578197064055130140e-03 6.313924661623313808e-05
1.534999999999999964e+01 4.250390231680870046e-02 5.529076790441758878e-03 6.149247511280700712e-05
1.540000000000000036e+01 4.226661403380334303e-02 5.483014841796830623e-03 6.056784035181626879e-05
1.544999999999999929e+01 4.203495599853247083e-02 5.438074565897696097e-03 5.998762585162185646e-05
1.550000000000000000e+01 4.180541026061028453e-02 5.393115385682322425e-03 5.943234431915916564e-05
1.555000000000000071e+01 4.157654612919688131e-02 5.347990723275579568e-03 5.827439352264627745e-05
1.559999999999999964e+01 4.134966983389109368e-02 5.302972500976175022e-03 5.680673172506503862e-05
1.565000000000000036e+01 4.112641938535124136e-02 5.258423900003544697e-03 5.600195051701739818e-05
1.569999999999999929e+01 4.090529998861253125e-02 5.214481889307498279e-03 5.580107009634375820e-05
1.575000000000000000e+01 4.068244241286814167e-02 5.170973922330885861e-03 5.542517558084800953e-05
1.580000000000000071e+01 4.045452328129858083e-02 5.127674822118133587e-03 5.492361178286373749e-05
1.584999999999999964e+01 4.021888925149291749e-02 5.084346848935820083e-03 5.498698945338837508e-05
1.590000000000000036e+01 3.997138539602607815e-02 5.040774074494837852e-03 5.580241229063830782e-05
1.594999999999999929e+01 3.970598427420109211e-02 4.996977687692269118e-03 5.611100290962494573e-05
1.600000000000000000e+01 3.941928622079640676e-02 4.953373494911939186e-03 5.430424772980622618e-05
1.605000000000000071e+01 3.911619706039130839e-02 4.910514837419614059e-03 5.039135720464400954e-05
1.610000000000000142e+01 3.881003973962366543e-02 4.868474209387785995e-03 4.673517893720418443e-05
1.614999999999999858e+01 3.851432626941055093e-02 4.826569987116380994e-03 4.510636012963484476e-05
1.619999999999999929e+01 3.823568885096907677e-02 4.784056710954755209e-03 4.560693278285675017e-05
1.625000000000000000e+01 3.797276567484438731e-02 4.740891487048939056e-03 4.773395431493409518e-05
1.630000000000000071e+01 3.771801650008559104e-02 4.697130808210932089e-03 5.016230156370438565e-05
1.635000000000000142e+01 3.746283641096949391e-02 4.652347976881545527e-03 5.134781494974158901e-05
1.639999999999999858e+01 3.720318545015156159e-02 4.605979747084900516e-03 5.131832107165828637e-05
1.644999999999999929e+01 3.693983503553271291e-02 4.557922394093126030e-03 5.091737420838326144e-05
1.650000000000000000e+01 3.667529560693353480e-02 4.508587567012291818e-03 5.046085174153559262e-05
1.655000000000000071e+01 3.641203231833875509e-02 4.458697597384918623e-03 4.998722630701959313e-05
1.660000000000000142e+01 3.615189035315811289e-02 4.409318476531654159e-03 4.949714429979213065e-05
1.664999999999999858e+01 3.589595437224209207e-02 4.361819061615970425e-03 4.892530124923213995e-05
1.669999999999999929e+01 3.564458735018968816e-02 4.317224922824185705e-03 4.811979597201571400e-05
1.675000000000000000e+01 3.539777892875671517e-02 4.275699702464510164e-03 4.700553566897288445e-05
1.680000000000000071e+01 3.515573089471459717e-02 4.236595261773094638e-03 4.615004090694245568e-05
1.685000000000000142e+01 3.491794492226094060e-02 4.198957820932846564e-03 4.635135112756863442e-05
1.689999999999999858e+01 3.468197180168330895e-02 4.162096963131800553e-03 4.714022944192402327e-05
1.694999999999999929e+01 3.444564837942272473e-02 4.125776089154650078e-03 4.758194473702460382e-05
1.700000000000000000e+01 3.420958950792252901e-02 4.089997375786770355e-03 4.759623880041763492e-05
1.705000000000000071e+01 3.397607090271264479e-02 4.054615396611858068e-03 4.716926660314202380e-05
1.710000000000000142e+01 3.374746135991811558e-02 4.019347979823593292e-03 4.639392428609542926e-05
1.714999999999999858e+01 3.352560815735161626e-02 3.984148980335332733e-03 4.481175941282417816e-05
1.719999999999999929e+01 3.331433800135552570e-02 3.949156910097226421e-03 4.195212885166518509e-05
1.725000000000000000e+01 3.312132772780954776e-02 3.914476944467053243e-03 4.006731567505281702e-05
1.730000000000000071e+01 3.295047689844667754e-02 3.880310297938063639e-03 4.030224321127403155e-05
1.735000000000000142e+01 3.279769172494113177e-02 3.847016430408228133e-03 4.136895766752772492e-05
1.739999999999999858e+01 3.265632767306268086e-02 3.814824274299666394e-03 4.161946351760066739e-05
1.744999999999999929e+01 3.252353160350769656e-02 3.783592763694934667e-03 4.117897008819039847e-05
1.750000000000000000e+01 3.239973222114145984e-02 3.752958595468662908e-03 4.119361857823096559e-05
1.755000000000000071e+01 3.228412351738661756e-02 3.722577217825688393e-03 4.205924334036652523e-05
1.760000000000000142e+01 3.217289174959063469e-02 3.692300561218522098e-03 4.305482162743806728e-05
1.764999999999999858e+01 3.206147361810505331e-02 3.662236642539966683e-03 4.353866284478921775e-05
1.769999999999999929e+01 3.194680727664381270e-02 3.632495916673447560e-03 4.349634785900823215e-05
1.775000000000000000e+01 3.182757625284791253e-02 3.603076833913568169e-03 4.338546831665560918e-05
1.780000000000000071e+01 3.170282362439483248e-02 3.573925337990746000e-03 4.369453961602878003e-05
1.785000000000000142e+01 3.157060044558346323e-02 3.545034182407893336e-03 4.420446420988534013e-05
1.789999999999999858e+01 3.142892931269108958e-02 3.516664023350924567e-03 4.425502697494346725e-05
1.794999999999999929e+01 3.127764643230289410e-02 3.489185987276024938e-03 4.371927810794208391e-05
1.800000000000000000e+01 3.111836941836774312e-02 3.462935346183367447e-03 4.287024209941271626e-05
1.805000000000000071e+01 3.095344132149219565e-02 3.438227954288013491e-03 4.220611570256761904e-05
1.810000000000000142e+01 3.078411336255818670e-02 3.415318021658808080e-03 4.235837583161890170e-05
1.814999999999999858e+01 3.060843604411184887e-02 3.394274262953084296e-03 4.286445079782512304e-05
1.819999999999999929e+01 3.042256735806912055e-02 3.374858673634473401e-03 4.294851300392765731e-05
1.825000000000000000e+01 3.022390752302110337e-02 3.356606849160511264e-03 4.176160076566040640e-05
1.830000000000000071e+01 3.001493783839791901e-02 3.338986456781160156e-03 3.865363597483840232e-05
1.835000000000000142e+01 2.980577157793194015e-02 3.321415349981282107e-03 3.515762173661496663e-05
1.839999999999999858e+01 2.960861981923133129e-02 3.303240467609837392e-03 3.386301050269045066e-05
1.844999999999999929e+01 2.942798656766116780e-02 3.284233341673854691e-03 3.510053654998075484e-05
1.850000000000000000e+01 2.925860707169771271e-02 3.264619115951005162e-03 3.706268534183501879e-05
1.855000000000000071e+01 2.909220484742522372e-02 3.244584540896117836e-03 3.798946159661281929e-05
1.860000000000000142e+01 2.892457699305564164e-02 3.224185553753748223e-03 3.765102448049932919e-05
1.864999999999999858e+01 2.875679208920151053e-02 3.203451508114114540e-03 3.703612631252035513e-05
1.869999999999999929e+01 2.859159015762060760e-02 3.182415934077929658e-03 3.680906321465037841e-05
1.875000000000000000e+01 2.843057492137700260e-02 3.161247209371533407e-03 3.657649414898362370e-05
1.880000000000000071e+01 2.827488417582959060e-02 3.140180924368556319e-03 3.591150661839637929e-05
1.885000000000000142e+01 2.812614947172254257e-02 3.119384965796023670e-03 3.527427256781142165e-05
1.889999999999999858e+01 2.798488445414602788e-02 3.098843115325551189e-03 3.524491855944972491e-05
1.894999999999999929e+01 2.784879883894324226e-02 3.078399486428126837e-03 3.574067234280985128e-05
1.900000000000000000e+01 2.771353364094346697e-02 3.057964616248849948e-03 3.618153625629842512e-05
1.905000000000000071e+01 2.757520982088148762e-02 3.037467505229171725e-03 3.595991324121132401e-05
1.910000000000000142e+01 2.743267903640121338e-02 3.016634791101329219e-03 3.526997627831530123e-05
1.914999999999999858e+01 2.728711871951073481e-02 2.995038454702590031e-03 3.441538573189638367e-05
1.919999999999999929e+01 2.714117177626490518e-02 2.972438939116429577e-03 3.341132547303102951e-05
1.925000000000000000e+01 2.699878605029731871e-02 2.948912434294354099e-03 3.215111091243568679e-05
1.930000000000000071e+01 2.686466838904470050e-02 2.924628564948216110e-03 3.126533204895910186e-05
1.935000000000000142e+01 2.674143502569943653e-02 2.899766257831826871e-03 3.155560860683209805e-05
1.939999999999999858e+01 2.662702777487039457e-02 2.874572624634020440e-03 3.277625335559714828e-05
1.944999999999999929e+01 2.651606077720224802e-02 2.849400231881532401e-03 3.412187040405347996e-05
1.950000000000000000e+01 2.640302252355217899e-02 2.824602707547135740e-03 3.500367184014990904e-05
1.955000000000000071e+01 2.628425087733566798e-02 2.800354081927333098e-03 3.548954494309146401e-05
1.960000000000000142e+01 2.615740463222563164e-02 2.776621319727040800e-03 3.584669522418640212e-05
1.964999999999999858e+01 2.602040634357929288e-02 2.753308936282527087e-03 3.585358911895193522e-05
1.969999999999999929e+01 2.587206121657788585e-02 2.730390555527527265e-03 3.555380553512368149e-05
1.975000000000000000e+01 2.571202623791992575e-02 2.707965186500922022e-03 3.516390886537730829e-05
1.980000000000000071e+01 2.554017939625680481e-02 2.686165613351855323e-03 3.444835819007362974e-05
1.985000000000000142e+01 2.535757637752592691e-02 2.664983332376461532e-03 3.299233562000095977e-05
1.989999999999999858e+01 2.516821513727307211e-02 2.644271129510365661e-03 3.090937516587320591e-05
1.994999999999999929e+01 2.497900461877882589e-02 2.623884877531788926e-03 2.866552400228567526e-05
2.000000000000000000e+01 2.479801980492472510e-02 2.603765565106179805e-03 2.663679043960757696e-05
