0.000000000000000000e+00 1.000000000000000000e+00 0.000000000000000000e+00 4.000000000000001471e-02
1.112347052280311492e-02 1.000000000000000000e+00 0.000000000000000000e+00 4.000000000000001471e-02
2.224694104560622984e-02 1.000000000000000000e+00 0.000000000000000000e+00 4.000000000000001471e-02
3.337041156840934303e-02 1.000000000000000000e+00 0.000000000000000000e+00 4.000000000000001471e-02
4.449388209121245968e-02 1.000000000000000000e+00 0.000000000000000000e+00 4.000000000000001471e-02
5.561735261401557634e-02 1.000000000000000000e+00 0.000000000000000000e+00 4.000000000000001471e-02
6.674082313681868606e-02 1.000000000000000000e+00 0.000000000000000000e+00 4.000000000000001471e-02
7.786429365962180271e-02 1.000000000000000000e+00 0.000000000000000000e+00 4.000000000000001471e-02
8.898776418242491937e-02 1.000000000000000000e+00 0.000000000000000000e+00 4.000000000000001471e-02
1.001112347052280360e-01 1.000000000000000000e+00 0.000000000000000000e+00 4.000000000000001471e-02
1.112347052280311527e-01 1.000000000000000000e+00 0.000000000000000000e+00 4.000000000000001471e-02
1.223581757508342693e-01 1.000000000000000000e+00 0.000000000000000000e+00 4.000000000000001471e-02
1.334816462736373721e-01 1.000000000000000000e+00 0.000000000000000000e+00 4.000000000000001471e-02
1.446051167964405026e-01 1.000000000000000000e+00 0.000000000000000000e+00 4.000000000000001471e-02
1.557285873192436054e-01 1.000000000000000000e+00 0.000000000000000000e+00 4.000000000000001471e-02
1.668520578420467360e-01 1.000000000000000000e+00 0.000000000000000000e+00 4.000000000000001471e-02
1.779755283648498387e-01 1.000000000000000000e+00 0.000000000000000000e+00 4.000000000000001471e-02
1.890989988876529415e-01 1.000000000000000000e+00 0.000000000000000000e+00 4.000000000000001471e-02
2.002224694104560720e-01 1.000000000000000000e+00 0.000000000000000000e+00 4.000000000000001471e-02
2.113459399332591748e-01 1.000000000000000000e+00 0.000000000000000000e+00 4.000000000000001471e-02
2.224694104560623054e-01 1.000000000000000000e+00 0.000000000000000000e+00 4.000000000000001471e-02
2.335928809788654081e-01 1.000000000000000000e+00 0.000000000000000000e+00 4.000000000000001471e-02
2.447163515016685387e-01 1.000000000000000000e+00 0.000000000000000000e+00 4.000000000000001471e-02
2.558398220244716414e-01 1.000000000000000000e+00 0.000000000000000000e+00 4.000000000000001471e-02
2.669632925472747442e-01 1.000000000000000000e+00 0.000000000000000000e+00 4.000000000000001471e-02
2.780867630700778470e-01 1.000000000000000000e+00 0.000000000000000000e+00 4.000000000000001471e-02
2.892102335928810053e-01 1.000000000000000000e+00 0.000000000000000000e+00 4.000000000000001471e-02
3.003337041156841081e-01 1.000000000000000000e+00 0.000000000000000000e+00 4.000000000000001471e-02
3.114571746384872108e-01 1.000000000000000000e+00 0.000000000000000000e+00 4.000000000000001471e-02
3.225806451612903136e-01 1.000000000000000000e+00 0.000000000000000000e+00 4.000000000000001471e-02
3.337041156840934719e-01 1.000000000000000000e+00 0.000000000000000000e+00 4.000000000000001471e-02
3.448275862068965747e-01 1.000000000000000000e+00 0.000000000000000000e+00 4.000000000000001471e-02
3.559510567296996775e-01 1.000000000000000000e+00 0.000000000000000000e+00 4.000000000000001471e-02
3.670745272525027803e-01 1.000000000000000000e+00 0.000000000000000000e+00 4.000000000000001471e-02
3.781979977753058830e-01 1.000000000000000000e+00 0.000000000000000000e+00 4.000000000000001471e-02
3.893214682981090413e-01 1.000000000000000000e+00 0.000000000000000000e+00 4.000000000000001471e-02
4.004449388209121441e-01 1.000000000000000000e+00 0.000000000000000000e+00 4.000000000000001471e-02
4.115684093437152469e-01 1.000000000000000000e+00 0.000000000000000000e+00 4.000000000000001471e-02
4.226918798665183497e-01 1.000000000000000000e+00 0.000000000000000000e+00 4.000000000000001471e-02
4.338153503893215079e-01 1.000000000000000000e+00 0.000000000000000000e+00 4.000000000000001471e-02
4.449388209121246107e-01 1.000000000000000000e+00 0.000000000000000000e+00 4.000000000000001471e-02
4.560622914349277135e-01 1.000000000000000000e+00 0.000000000000000000e+00 4.000000000000001471e-02
4.671857619577308163e-01 1.000000000000000000e+00 0.000000000000000000e+00 4.000000000000001471e-02
4.783092324805339191e-01 1.000000000000000000e+00 0.000000000000000000e+00 4.000000000000001471e-02
4.894327030033370773e-01 1.000000000000000000e+00 0.000000000000000000e+00 4.000000000000001471e-02
5.005561735261401246e-01 1.000000000000000000e+00 0.000000000000000000e+00 4.000000000000001471e-02
5.116796440489432829e-01 1.000000000000000000e+00 0.000000000000000000e+00 4.000000000000001471e-02
5.228031145717464412e-01 1.000000000000000000e+00 0.000000000000000000e+00 4.000000000000001471e-02
5.339265850945494885e-01 1.000000000000000000e+00 0.000000000000000000e+00 4.000000000000001471e-02
5.450500556173526467e-01 1.000000000000000000e+00 0.000000000000000000e+00 4.000000000000001471e-02
5.561735261401556940e-01 1.000000000000000000e+00 0.000000000000000000e+00 4.000000000000001471e-02
5.672969966629588523e-01 1.000000000000000000e+00 0.000000000000000000e+00 4.000000000000001471e-02
5.784204671857620106e-01 1.000000000000000000e+00 0.000000000000000000e+00 4.000000000000001471e-02
5.895439377085650579e-01 1.000000000000000000e+00 0.000000000000000000e+00 4.000000000000001471e-02
6.006674082313682161e-01 1.000000000000000000e+00 0.000000000000000000e+00 4.000000000000001471e-02
6.117908787541713744e-01 1.000000000000000000e+00 0.000000000000000000e+00 4.000000000000001471e-02
6.229143492769744217e-01 1.000000000000000000e+00 0.000000000000000000e+00 4.000000000000001471e-02
6.340378197997775800e-01 1.000000000000000000e+00 0.000000000000000000e+00 4.000000000000001471e-02
6.451612903225806273e-01 1.000000000000000000e+00 0.000000000000000000e+00 4.000000000000001471e-02
6.562847608453837855e-01 1.000000000000000000e+00 0.000000000000000000e+00 4.000000000000001471e-02
6.674082313681869438e-01 1.000000000000000000e+00 0.000000000000000000e+00 4.000000000000001471e-02
6.785317018909899911e-01 1.000000000000000000e+00 0.000000000000000000e+00 4.000000000000001471e-02
6.896551724137931494e-01 1.000000000000000000e+00 0.000000000000000000e+00 4.000000000000001471e-02
7.007786429365961967e-01 1.000000000000000000e+00 0.000000000000000000e+00 4.000000000000001471e-02
7.119021134593993549e-01 1.000000000000000000e+00 0.000000000000000000e+00 4.000000000000001471e-02
7.230255839822025132e-01 1.000000000000000000e+00 0.000000000000000000e+00 4.000000000000001471e-02
7.341490545050055605e-01 1.000000000000000000e+00 0.000000000000000000e+00 4.000000000000001471e-02
7.452725250278087188e-01 1.000000000000000000e+00 0.000000000000000000e+00 4.000000000000001471e-02
7.563959955506117661e-01 1.000000000000000000e+00 0.000000000000000000e+00 4.000000000000001471e-02
7.675194660734149243e-01 1.000000000000000000e+00 0.000000000000000000e+00 4.000000000000001471e-02
7.786429365962180826e-01 1.000000000000000000e+00 0.000000000000000000e+00 4.000000000000001471e-02
7.897664071190211299e-01 1.000000000000000000e+00 0.000000000000000000e+00 4.000000000000001471e-02
8.008898776418242882e-01 1.000000000000000000e+00 0.000000000000000000e+00 4.000000000000001471e-02
8.120133481646273355e-01 1.000000000000000000e+00 0.000000000000000000e+00 4.000000000000001471e-02
8.231368186874304937e-01 1.000000000000000000e+00 0.000000000000000000e+00 4.000000000000001471e-02
8.342602892102336520e-01 1.000000000000000000e+00 0.000000000000000000e+00 4.000000000000001471e-02
8.453837597330366993e-01 1.000000000000000000e+00 0.000000000000000000e+00 4.000000000000001471e-02
8.565072302558398576e-01 1.000000000000000000e+00 0.000000000000000000e+00 4.000000000000001471e-02
8.676307007786430159e-01 1.000000000000000000e+00 0.000000000000000000e+00 4.000000000000001471e-02
8.787541713014460631e-01 1.000000000000000000e+00 0.000000000000000000e+00 4.000000000000001471e-02
8.898776418242492214e-01 1.000000000000000000e+00 0.000000000000000000e+00 4.000000000000001471e-02
9.010011123470522687e-01 1.000000000000000000e+00 0.000000000000000000e+00 4.000000000000001471e-02
9.121245828698554270e-01 1.000000000000000000e+00 0.000000000000000000e+00 4.000000000000001471e-02
9.232480533926585853e-01 1.000000000000000000e+00 5.509633601797656178e-17 4.000000000000001471e-02
9.343715239154616325e-01 9.999999999999875655e-01 5.313452075218525525e-15 3.999999999999914041e-02
9.454949944382647908e-01 9.999999999997045697e-01 9.501369238098948232e-14 3.999999999998012784e-02
9.566184649610678381e-01 9.999999999986812771e-01 4.554852100196764906e-13 3.999999999991581123e-02
9.677419354838709964e-01 9.999999999899742420e-01 2.647518911156827706e-12 3.999999999933109840e-02
9.788654060066741547e-01 9.999999999342140677e-01 2.196151174919749545e-11 3.999999999565174991e-02
9.899888765294772019e-01 9.999999998386127631e-01 5.362412691893239905e-11 3.999999998913815469e-02
1.001112347052280249e+00 9.999999996928748969e-01 1.040954278140057688e-10 3.999999997959324816e-02
1.012235817575083408e+00 9.999999993275694443e-01 2.174636523399905471e-10 3.999999995481060000e-02
1.023359288097886566e+00 9.999999971075301808e-01 9.828391677857947820e-10 3.999999981753629696e-02
1.034482758620689724e+00 9.999999888394882630e-01 3.051959768173710406e-09 3.999999923434659210e-02
1.045606229143492882e+00 9.999999362638541944e-01 2.168669676239931432e-08 3.999999586574743554e-02
1.056729699666295819e+00 9.999997764414073620e-01 6.399426063487158959e-08 3.999998528353544691e-02
1.067853170189098977e+00 9.999988954071917791e-01 3.738574823355417378e-07 3.999992476635157862e-02
1.078976640711902135e+00 9.999962297179124660e-01 1.258555539499596846e-06 3.999978594785817687e-02
1.090100111234705293e+00 9.999797159377499245e-01 6.105276909504999989e-06 3.999857134573783779e-02
1.101223581757508452e+00 9.999193467146710868e-01 2.696949033045871594e-05 3.999479230350890674e-02
1.112347052280311388e+00 9.997356469830404047e-01 7.950763005006986539e-05 3.998242032670562551e-02
1.123470522803114546e+00 9.970238091427959803e-01 9.568209791566568414e-04 3.980285354141627208e-02
1.134593993325917705e+00 9.901350943190514453e-01 3.295077388500888133e-03 3.934745325051385717e-02
1.145717463848720863e+00 9.826064996118425432e-01 5.818352384070232808e-03 3.883836447981021261e-02
1.156840934371524021e+00 9.778065886970310761e-01 7.411271566834992663e-03 3.854517369407237798e-02
1.167964404894326957e+00 9.752569664203113442e-01 8.399264257769521042e-03 3.835119561987007653e-02
1.179087875417130116e+00 9.726089030783229283e-01 9.162475641709123125e-03 3.819992814205377951e-02
1.190211345939933274e+00 9.700430870705519792e-01 1.012716245022905227e-02 3.801170597937475470e-02
1.201334816462736432e+00 9.664656921156442593e-01 1.127024684126903646e-02 3.779776807851011056e-02
1.212458286985539591e+00 9.631381355002888167e-01 1.245937725851385854e-02 3.757037669927257295e-02
1.223581757508342749e+00 9.593869274801335445e-01 1.371923451487647508e-02 3.733062475370740180e-02
1.234705228031145685e+00 9.561183778703152836e-01 1.482096888770116118e-02 3.711875597748859335e-02
1.245828698553948843e+00 9.524695827383642399e-01 1.611944737909713418e-02 3.687649878706666939e-02
1.256952169076752002e+00 9.490510853522129420e-01 1.725773097849740700e-02 3.666813725218533160e-02
1.268075639599555160e+00 9.455330037661759945e-01 1.853837540998955202e-02 3.643138200802564092e-02
1.279199110122358318e+00 9.419893572169883988e-01 1.969921140311622215e-02 3.621098959420510077e-02
1.290322580645161255e+00 9.386049548988347757e-01 2.092802079846304425e-02 3.598474687768136310e-02
1.301446051167964413e+00 9.347200820921712783e-01 2.223219492494284133e-02 3.574732763249610645e-02
1.312569521690767571e+00 9.314912265211261477e-01 2.338691570735439151e-02 3.553716810970266454e-02
1.323692992213570729e+00 9.279209474562710724e-01 2.461576912146035828e-02 3.531251162790639830e-02
1.334816462736373888e+00 9.243196328959458752e-01 2.588061357469269644e-02 3.508373625126075951e-02
1.345939933259176824e+00 9.209618635623281202e-01 2.708467679984875170e-02 3.486884211761458185e-02
1.357063403781979982e+00 9.173279885938951939e-01 2.836149839873230299e-02 3.464168689231996584e-02
1.368186874304783140e+00 9.140476289372260199e-01 2.950850067310743091e-02 3.443722802974646946e-02
1.379310344827586299e+00 9.104017566053771437e-01 3.080778628294216642e-02 3.420681842958158553e-02
1.390433815350389457e+00 9.069633783164506857e-01 3.203535547424331276e-02 3.399057548127643047e-02
1.401557285873192393e+00 9.034624918144384953e-01 3.326053770620630845e-02 3.377585956160005648e-02
1.412680756395995552e+00 9.001574173589973471e-01 3.446771077029926744e-02 3.356516730071694432e-02
1.423804226918798710e+00 8.965266603354832275e-01 3.573980774703917201e-02 3.334375697549070428e-02
1.434927697441601868e+00 8.932089049157408978e-01 3.694969629828420699e-02 3.313511863901118931e-02
1.446051167964405026e+00 8.895814345015228275e-01 3.822336612078705564e-02 3.291747053620414087e-02
1.457174638487207963e+00 8.864413670513808796e-01 3.939758435711313705e-02 3.271802970874297667e-02
1.468298109010011121e+00 8.827507842275034156e-01 4.071971021937770968e-02 3.249354870294594855e-02
1.479421579532814279e+00 8.795183476857322269e-01 4.190874193932605379e-02 3.229257738742337402e-02
1.490545050055617438e+00 8.761187439385063058e-01 4.312005861680699714e-02 3.208882101778592205e-02
1.501668520578420596e+00 8.725991795506230497e-01 4.441441327374300030e-02 3.187225753677107309e-02
1.512791991101223532e+00 8.694298364265422574e-01 4.556161023010083660e-02 3.168105516705874841e-02
1.523915461624026690e+00 8.659181641364023241e-01 4.686693955906941905e-02 3.146460378362700427e-02
1.535038932146829849e+00 8.626030589243406377e-01 4.806425942406764018e-02 3.126716233440974407e-02
1.546162402669633007e+00 8.592702613030780423e-01 4.929282852629107009e-02 3.106576151140798270e-02
1.557285873192436165e+00 8.557617265320569544e-01 5.058786667207742366e-02 3.085476057330074906e-02
1.568409343715239102e+00 8.525351762590213101e-01 5.179089765243607285e-02 3.066022988493428275e-02
1.579532814238042260e+00 8.491968043090774021e-01 5.304376389395153851e-02 3.045957248191835665e-02
1.590656284760845418e+00 8.457936111600240503e-01 5.430691082168070949e-02 3.025794935472810379e-02
1.601779755283648576e+00 8.425565306512207142e-01 5.550635213588150929e-02 3.006577830113043096e-02
1.612903225806451735e+00 8.392269755677052023e-01 5.675312018032478700e-02 2.986584544298410970e-02
1.624026696329254671e+00 8.359298267693020534e-01 5.797932648051792176e-02 2.967093545081958203e-02
1.635150166852057829e+00 8.325305302228840354e-01 5.925979402819763625e-02 2.947050638300531891e-02
1.646273637374860987e+00 8.292272325325062976e-01 6.051598677351933270e-02 2.927612104193348663e-02
1.657397107897664146e+00 8.259696411593122622e-01 6.175368876354437458e-02 2.908497500126241628e-02
1.668520578420467304e+00 8.227300183631869324e-01 6.298011579814466465e-02 2.889488283854787024e-02
1.679644048943270462e+00 8.193703108929091261e-01 6.424788453838341240e-02 2.869839032824293007e-02
1.690767519466073399e+00 8.162088190726283221e-01 6.543791190214659492e-02 2.851528300173786917e-02
1.701890989988876557e+00 8.128433461086405076e-01 6.672535198468064477e-02 2.831971676925741990e-02
1.713014460511679715e+00 8.096386574653461343e-01 6.796733291905061869e-02 2.813304948532942273e-02
1.724137931034482873e+00 8.063720743442307493e-01 6.923690532639671658e-02 2.794302146270304099e-02
1.735261401557286032e+00 8.031552146791852698e-01 7.047496162328853453e-02 2.775774275869962934e-02
1.746384872080088968e+00 7.999605817473082192e-01 7.170172227516878605e-02 2.757428525554756621e-02
1.757508342602892126e+00 7.967136701684894851e-01 7.295002295358141153e-02 2.738846171327748158e-02
1.768631813125695285e+00 7.936105550998447944e-01 7.415304703437505807e-02 2.721072888128335879e-02
1.779755283648498443e+00 7.903917616053878215e-01 7.541063747443225995e-02 2.702655842214284065e-02
1.790878754171301601e+00 7.873057367241034221e-01 7.661723424434659091e-02 2.685122641556235770e-02
1.802002224694104537e+00 7.840290919282838500e-01 7.790437746714827527e-02 2.666523993720961924e-02
1.813125695216907696e+00 7.809233078073137824e-01 7.912600788634172044e-02 2.648949849823503330e-02
1.824249165739710854e+00 7.777491958827715823e-01 8.037374275063881301e-02 2.631064131157683991e-02
1.835372636262514012e+00 7.746384331542773838e-01 8.160008961637484071e-02 2.613552782238984934e-02
1.846496106785317171e+00 7.714998212969087499e-01 8.284205961688807796e-02 2.595891762408391798e-02
1.857619577308120107e+00 7.681746613503711574e-01 8.415901407059429851e-02 2.577252838348863609e-02
1.868743047830923265e+00 7.651799753898370637e-01 8.534599799832733036e-02 2.560536598322948540e-02
1.879866518353726423e+00 7.619666837777383517e-01 8.662433010378001175e-02 2.542663225908390473e-02
1.890989988876529582e+00 7.587887016138558094e-01 8.789591008252363447e-02 2.525038448071263708e-02
1.902113459399332740e+00 7.558025355195026052e-01 8.910013524269223828e-02 2.508489276572934551e-02
1.913236929922135676e+00 7.526424113284336803e-01 9.038133932261341319e-02 2.490981561915110373e-02
1.924360400444938834e+00 7.496343290173355101e-01 9.159875723222525579e-02 2.474400186358294632e-02
1.935483870967741993e+00 7.466291195514564993e-01 9.280845717475105783e-02 2.457950101387688241e-02
1.946607341490545151e+00 7.434895325049556414e-01 9.407379766538481736e-02 2.440789525381031541e-02
1.957730812013348309e+00 7.404168612752944911e-01 9.532081899977412620e-02 2.423954984204571353e-02
1.968854282536151246e+00 7.373560440057688181e-01 9.657138286423389006e-02 2.407188437398642342e-02
1.979977753058954404e+00 7.342468200551771629e-01 9.784597703917184697e-02 2.390247452996057190e-02
1.991101223581757562e+00 7.312709208368931568e-01 9.906894884303758808e-02 2.374136676498096385e-02
2.002224694104560498e+00 7.282358357043146047e-01 1.003190033917055052e-01 2.357783701312732641e-02
2.013348164627363879e+00 7.252616030498796329e-01 1.015459882990010915e-01 2.341807495464097791e-02
2.024471635150166815e+00 7.221886498733953719e-01 1.028158803133604748e-01 2.325328831834232862e-02
2.035595105672970195e+00 7.192252817842564871e-01 1.040433617655373982e-01 2.309461839337544065e-02
2.046718576195773132e+00 7.162624381139626184e-01 1.052734026743461504e-01 2.293626614072652448e-02
2.057842046718576068e+00 7.131657957075208110e-01 1.065621774828180990e-01 2.277102978076760847e-02
2.068965517241379448e+00 7.101438317274217926e-01 1.078237832814659264e-01 2.260999143883585943e-02
2.080088987764182384e+00 7.073087204847575693e-01 1.090118981471506765e-01 2.245930900550386147e-02
2.091212458286985765e+00 7.043274712315962249e-01 1.102663676577287644e-01 2.230172397436252368e-02
2.102335928809788701e+00 7.014307025302564114e-01 1.114901926543798993e-01 2.214943724650712820e-02
2.113459399332591637e+00 6.984252512710844574e-01 1.127631469136783776e-01 2.199192087494744596e-02
2.124582869855395018e+00 6.953797905066372298e-01 1.140540884569417740e-01 2.183253172058504180e-02
2.135706340378197954e+00 6.924297245437719406e-01 1.153050584446765198e-01 2.167844421387265380e-02
2.146829810901001334e+00 6.895673405917791543e-01 1.165221950503899928e-01 2.152932810813146247e-02
2.157953281423804270e+00 6.867201677841723306e-01 1.177407710215639253e-01 2.138126148794913806e-02
2.169076751946607207e+00 6.838716008066050289e-01 1.189689662614804022e-01 2.123323515265151951e-02
2.180200222469410587e+00 6.808603074265187072e-01 1.202704339684348284e-01 2.107726061415770083e-02
2.191323692992213523e+00 6.779276549373790539e-01 1.215355111614277589e-01 2.092624466702690950e-02
2.202447163515016904e+00 6.750732984477091358e-01 1.227642052698331293e-01 2.078015184592891390e-02
2.213570634037819840e+00 6.722642178081866815e-01 1.239767706683524429e-01 2.063672210933644238e-02
2.224694104560622776e+00 6.693207576684697679e-01 1.252561031121302015e-01 2.048636078507095129e-02
2.235817575083426156e+00 6.664081811739948069e-01 1.265313002019113620e-01 2.033745185991049295e-02
2.246941045606229093e+00 6.636087207142279398e-01 1.277616049662493036e-01 2.019461240548301936e-02
2.258064516129032473e+00 6.608036895679896272e-01 1.289943830983507067e-01 2.005227259173842508e-02
2.269187986651835409e+00 6.578837564987615183e-01 1.302768610465570021e-01 1.990501345112015430e-02
2.280311457174638345e+00 6.551469402681138199e-01 1.314809006340023345e-01 1.976753991177583256e-02
2.291434927697441726e+00 6.523432877835220189e-01 1.327191248949075586e-01 1.962701207752041641e-02
2.302558398220244662e+00 6.495444875904612392e-01 1.339607880911382332e-01 1.948704439017846443e-02
2.313681868743048042e+00 6.467771390875800552e-01 1.351949552507400176e-01 1.934899851368018786e-02
2.324805339265850979e+00 6.440478948537977644e-01 1.364154324881815816e-01 1.921312446014056263e-02
2.335928809788653915e+00 6.412034338078888007e-01 1.376886162432581218e-01 1.907174289681979815e-02
2.347052280311457295e+00 6.383698344216900411e-01 1.389586946163947068e-01 1.893120333840411784e-02
2.358175750834260231e+00 6.355272744269453433e-01 1.402370891313663159e-01 1.879062109892539606e-02
2.369299221357063612e+00 6.326869637981810124e-01 1.415206870702956365e-01 1.865064629588533696e-02
2.380422691879866548e+00 6.300284495062654644e-01 1.427275083684259871e-01 1.852016918081353727e-02
2.391546162402669928e+00 6.272836373212202776e-01 1.439758514418403856e-01 1.838612183726877000e-02
2.402669632925472865e+00 6.246268479600810553e-01 1.451847530444798640e-01 1.825692156452535242e-02
2.413793103448275801e+00 6.219703340933860902e-01 1.463950323743351545e-01 1.812797929293272908e-02
2.424916573971079181e+00 6.191890283089886982e-01 1.476660386295534366e-01 1.799311077680638624e-02
2.436040044493882117e+00 6.164325939516286379e-01 1.489312576689020284e-01 1.785969595127887347e-02
2.447163515016685498e+00 6.136607329619478968e-01 1.502094562727447069e-01 1.772601268654537196e-02
2.458286985539488434e+00 6.109589500832666165e-01 1.514611815644431869e-01 1.759615099073133168e-02
2.469410456062291370e+00 6.082632995786445562e-01 1.527146581244009094e-01 1.746688382579352980e-02
2.480533926585094751e+00 6.056218791641080346e-01 1.539458655607874871e-01 1.734042510070605420e-02
2.491657397107897687e+00 6.029180164594615254e-01 1.552071479969812928e-01 1.721138607366793846e-02
2.502780867630701067e+00 6.002296281529613253e-01 1.564617723331931110e-01 1.708372496520913289e-02
2.513904338153504003e+00 5.975662512242748692e-01 1.577067028337764409e-01 1.695791780501710797e-02
2.525027808676306940e+00 5.948699259390503036e-01 1.589722615825634455e-01 1.683095182940928802e-02
2.536151279199110320e+00 5.922416592817837389e-01 1.602132079198058945e-01 1.670727792588204072e-02
2.547274749721913256e+00 5.896399960328124745e-01 1.614493221592231964e-01 1.658479502204793232e-02
2.558398220244716637e+00 5.869919860502058606e-01 1.627124408483646700e-01 1.646032747534231441e-02
2.569521690767519573e+00 5.844084902709825169e-01 1.639464257317298501e-01 1.633942011955073423e-02
2.580645161290322509e+00 5.817874555710487172e-01 1.651975838304889643e-01 1.621753182714145633e-02
2.591768631813125889e+00 5.791121216630464863e-01 1.664753111533412433e-01 1.609376991433686052e-02
2.602892102335928826e+00 5.764888321879247934e-01 1.677307599897021051e-01 1.597279045917870607e-02
2.614015572858732206e+00 5.739484330256815481e-01 1.689493346166994481e-01 1.585577764717037083e-02
2.625139043381535142e+00 5.713441020022396177e-01 1.702056349056969287e-01 1.573598868565088960e-02
2.636262513904338078e+00 5.687928720177976016e-01 1.714455842507814909e-01 1.561891272081053494e-02
2.647385984427141459e+00 5.662987038378315408e-01 1.726638218227362631e-01 1.550483372104492774e-02
2.658509454949944395e+00 5.638493566061937301e-01 1.738618392835687698e-01 1.539317190176461847e-02
2.669632925472747775e+00 5.613370909304440382e-01 1.750910124330410100e-01 1.527899808774402582e-02
2.680756395995550712e+00 5.588116231536380818e-01 1.763297062564776752e-01 1.516454338581984043e-02
2.691879866518353648e+00 5.562631446419284975e-01 1.775834709498224362e-01 1.504940044494377897e-02
2.703003337041157028e+00 5.536332296479457016e-01 1.788816675047500970e-01 1.493097407876662133e-02
2.714126807563959964e+00 5.509915570981470667e-01 1.801890832655078656e-01 1.481247234976200249e-02
2.725250278086763345e+00 5.484627618536953575e-01 1.814441962451189827e-01 1.469941425072155555e-02
2.736373748609566281e+00 5.458192971707324093e-01 1.827598037957317012e-01 1.458161757037230999e-02
2.747497219132369217e+00 5.432382806475308801e-01 1.840466248902333513e-01 1.446697774334056164e-02
2.758620689655172598e+00 5.407851397791746395e-01 1.852713132116901307e-01 1.435841485152186681e-02
2.769744160177975534e+00 5.383855301588580389e-01 1.864743531468800453e-01 1.425262787635579037e-02
2.780867630700778914e+00 5.359506215995148981e-01 1.877038635724854465e-01 1.414561826967908331e-02
2.791991101223581850e+00 5.334276063066034634e-01 1.889874458855360373e-01 1.403490939996866055e-02
2.803114571746384787e+00 5.309322729674221808e-01 1.902634581334415598e-01 1.392545397202834580e-02
2.814238042269188167e+00 5.285260770270675534e-01 1.914955325124619023e-01 1.381992403958033980e-02
2.825361512791991103e+00 5.261099771760875399e-01 1.927302746008498768e-01 1.371421837044958618e-02
2.836484983314794484e+00 5.237650794354111738e-01 1.939267806615005418e-01 1.361214327002978688e-02
2.847608453837597420e+00 5.214204635308400393e-01 1.951252754151229507e-01 1.351076577258667616e-02
2.858731924360400356e+00 5.189970231805003387e-01 1.963703617321077566e-01 1.340662711763057971e-02
2.869855394883203736e+00 5.165226447918477293e-01 1.976491343915182664e-01 1.330070731514576034e-02
2.880978865406006673e+00 5.140376923836270651e-01 1.989384643896408011e-01 1.319454943657967852e-02
2.892102335928810053e+00 5.116353417748158439e-01 2.001873107614661196e-01 1.309203521910973222e-02
2.903225806451612989e+00 5.092296882860984919e-01 2.014393704745645053e-01 1.298956774181299692e-02
2.914349276974415925e+00 5.068107926091722781e-01 2.027019432019501188e-01 1.288685119845701423e-02
2.925472747497219306e+00 5.043963735224827882e-01 2.039685231135413834e-01 1.278472058442347604e-02
2.936596218020022242e+00 5.019917673921200363e-01 2.052379513614598638e-01 1.268335348874842505e-02
2.947719688542825622e+00 4.996201329854370599e-01 2.064971551416469320e-01 1.258362596412624691e-02
2.958843159065628559e+00 4.973127509831559157e-01 2.077275764533353664e-01 1.248673130803822952e-02
2.969966629588431495e+00 4.950026691325016825e-01 2.089620864597458993e-01 1.238989013084964425e-02
2.981090100111234875e+00 4.926639501108408536e-01 2.102132396083190580e-01 1.229213026561447319e-02
2.992213570634037811e+00 4.902796685786063868e-01 2.114893495440627880e-01 1.219293775998622938e-02
3.003337041156841192e+00 4.879510303297243667e-01 2.127369370251161462e-01 1.209657050594819226e-02
3.014460511679644128e+00 4.855764479498017594e-01 2.140117034095657123e-01 1.199879645808743511e-02
3.025583982202447064e+00 4.832079942439114761e-01 2.152873976933070421e-01 1.190165354550071913e-02
3.036707452725250445e+00 4.808822733959844942e-01 2.165454819436377909e-01 1.180651368771918480e-02
3.047830923248053381e+00 4.785853059694671341e-01 2.177935038994960604e-01 1.171275217489451716e-02
3.058954393770856761e+00 4.763462058783562991e-01 2.190150661542880628e-01 1.162155442994013479e-02
3.070077864293659697e+00 4.740755373479099144e-01 2.202582594012914841e-01 1.152933311858336807e-02
3.081201334816462634e+00 4.717994801285492201e-01 2.215082916286250647e-01 1.143722866909905635e-02
3.092324805339266014e+00 4.695735650883819390e-01 2.227352605128648522e-01 1.134750589475596629e-02
3.103448275862068950e+00 4.673011102214879586e-01 2.239931415040764540e-01 1.125626888768938884e-02
3.114571746384872331e+00 4.649529075491448116e-01 2.252962279150100278e-01 1.116231603685521531e-02
3.125695216907675267e+00 4.626535225400278950e-01 2.265732461803059983e-01 1.107057777688462766e-02
3.136818687430478203e+00 4.604535970859163774e-01 2.277964749091196395e-01 1.098295493277087580e-02
3.147942157953281583e+00 4.582060664522841220e-01 2.290510047603670774e-01 1.089359547290336128e-02
3.159065628476084520e+00 4.559975201265934475e-01 2.302922895256323543e-01 1.080599691957026369e-02
3.170189098998887900e+00 4.538046734395203563e-01 2.315340062621273620e-01 1.071933867086951632e-02
3.181312569521690836e+00 4.515694770909545741e-01 2.328055024832895170e-01 1.063143536613589749e-02
3.192436040044493772e+00 4.493775917709419976e-01 2.340536602229971452e-01 1.054564453918354489e-02
3.203559510567297153e+00 4.471354968653232231e-01 2.353292454608892637e-01 1.045819270032583709e-02
3.214682981090100089e+00 4.448242535330264036e-01 2.366439677949329079e-01 1.036830238921954660e-02
3.225806451612903469e+00 4.425968006614577344e-01 2.379145826691259902e-01 1.028186033752675338e-02
3.236929922135706406e+00 4.404404682539604932e-01 2.391505025677854446e-01 1.019844961031230596e-02
3.248053392658509342e+00 4.383249391456063293e-01 2.403705820246657132e-01 1.011691351016065499e-02
3.259176863181312722e+00 4.361597761744397395e-01 2.416250821807241489e-01 1.003385204961170125e-02
3.270300333704115658e+00 4.340113656397104336e-01 2.428748376286274935e-01 9.951717602158861517e-03
3.281423804226919039e+00 4.318368235743099692e-01 2.441425810120788908e-01 9.868875022726904603e-03
3.292547274749721975e+00 4.297799818540228300e-01 2.453455950292418308e-01 9.790668045759419458e-03
3.303670745272524911e+00 4.276256789110788881e-01 2.466093111077476696e-01 9.708953385886717746e-03
3.314794215795328292e+00 4.254156390998487525e-01 2.479106966881009233e-01 9.625303148981127765e-03
3.325917686318131228e+00 4.232446799320547792e-01 2.491920031225519083e-01 9.543433635461113021e-03
3.337041156840934608e+00 4.213000709384187581e-01 2.503419379160382596e-01 9.470368351157588960e-03
3.348164627363737544e+00 4.192258480721480773e-01 2.515703191052391929e-01 9.392874187668917574e-03
3.359288097886540925e+00 4.171226968031666038e-01 2.528206185646308390e-01 9.314698805672736587e-03
3.370411568409343861e+00 4.150248160375049067e-01 2.540755110200761391e-01 9.236994935822046698e-03
3.381535038932146797e+00 4.129395564848254430e-01 2.553316339168107407e-01 9.159874589398268180e-03
3.392658509454950178e+00 4.108661554240977121e-01 2.565872005784593513e-01 9.083233355067150613e-03
3.403781979977753114e+00 4.087998198369577896e-01 2.578407368916513787e-01 9.006969682227741400e-03
3.414905450500556494e+00 4.067352703278135917e-01 2.590919351407574567e-01 8.931063270764679277e-03
3.426028921023359430e+00 4.046705480727197379e-01 2.603418691757264924e-01 8.855580631855047499e-03
3.437152391546162367e+00 4.026084565137814653e-01 2.615922152088379637e-01 8.780622801388615270e-03
3.448275862068965747e+00 4.005544753036519579e-01 2.628441692836812615e-01 8.706259650682422052e-03
3.459399332591768683e+00 3.985128019844692004e-01 2.640978809805993310e-01 8.632497616700469598e-03
3.470522803114572064e+00 3.964835995617015385e-01 2.653526667883338575e-01 8.559293919062658379e-03
3.481646273637375000e+00 3.944634212627785019e-01 2.666076385513725389e-01 8.486594439197610654e-03
3.492769744160177936e+00 3.924482231444280655e-01 2.678622223312056572e-01 8.414364408662739631e-03
3.503893214682981316e+00 3.904364205866672766e-01 2.691163051584269383e-01 8.342596225044431740e-03
3.515016685205784253e+00 3.884296058949762154e-01 2.703700480798692518e-01 8.271297857991499400e-03
3.526140155728587633e+00 3.864305931959932661e-01 2.716236025611643568e-01 8.200475958553100214e-03
3.537263626251390569e+00 3.844406720781470832e-01 2.728769728191690058e-01 8.130128349482299357e-03
3.548387096774193505e+00 3.824584550031110974e-01 2.741301177721787719e-01 8.060250495283541317e-03
3.559510567296996886e+00 3.804812643311733522e-01 2.753832094809429143e-01 7.990850089482142912e-03
3.570634037819799822e+00 3.785077783740616875e-01 2.766367740569302680e-01 7.921954374848877781e-03
3.581757508342603202e+00 3.765397101154061010e-01 2.778915760197906981e-01 7.853602748772049030e-03
3.592880978865406139e+00 3.745798036979630652e-01 2.791474575249631718e-01 7.785783044539695830e-03
3.604004449388209075e+00 3.726292224136456555e-01 2.804029997861249290e-01 7.718414872344101299e-03
3.615127919911012455e+00 3.706870924182807947e-01 2.816567554480629010e-01 7.651418535277104867e-03
3.626251390433815391e+00 3.687516099700826055e-01 2.829086031775878696e-01 7.584785937958625837e-03
3.637374860956618772e+00 3.668216327823574097e-01 2.841599596720303378e-01 7.518592694879227233e-03
3.648498331479421708e+00 3.648969680106505242e-01 2.854125646302561603e-01 7.452925188052606474e-03
3.659621802002224644e+00 3.629775414987828075e-01 2.866664409345555664e-01 7.387787632722209522e-03
3.670745272525028025e+00 3.610639518306121842e-01 2.879207463895896990e-01 7.323122087980755979e-03
3.681868743047830961e+00 3.591585532077414267e-01 2.891745990854651671e-01 7.258901434058075836e-03
3.692992213570634341e+00 3.572617315459464260e-01 2.904278802737445542e-01 7.195080555053150542e-03
3.704115684093437277e+00 3.553740983842268997e-01 2.916803283769371924e-01 7.131704268957927105e-03
3.715239154616240214e+00 3.534928530093165433e-01 2.929338322245964021e-01 7.068768672713532895e-03
3.726362625139043594e+00 3.516186166659758805e-01 2.941877037855461507e-01 7.006379545535968041e-03
3.737486095661846530e+00 3.497473523761395753e-01 2.954437861328374493e-01 6.944428986173076246e-03
3.748609566184649911e+00 3.478827203920608624e-01 2.966986424606741779e-01 6.882982250927514173e-03
3.759733036707452847e+00 3.460222726342460087e-01 2.979532993003504160e-01 6.821861287851636001e-03
3.770856507230255783e+00 3.441690205480142373e-01 2.992059108038758186e-01 6.761090198874945140e-03
3.781979977753059163e+00 3.423249239320387272e-01 3.004561108210500597e-01 6.700727823098890333e-03
3.793103448275862100e+00 3.404861499617659049e-01 3.017077701090523645e-01 6.640720994810833666e-03
3.804226918798665480e+00 3.386558109620976809e-01 3.029599258997159872e-01 6.581270904877024180e-03
3.815350389321468416e+00 3.368319711934045224e-01 3.042145530689022159e-01 6.522379057903347072e-03
3.826473859844271352e+00 3.350125278174561627e-01 3.054729894390507128e-01 6.463964655537036107e-03
3.837597330367074733e+00 3.332018527806971386e-01 3.067312367771938830e-01 6.406078379896909883e-03
3.848720800889877669e+00 3.313984690794087307e-01 3.079884755032952781e-01 6.348555136316814257e-03
3.859844271412681049e+00 3.296004384089938899e-01 3.092439255852277857e-01 6.291253176108110856e-03
3.870967741935483986e+00 3.278104295872448781e-01 3.104944290592913103e-01 6.234255629232463188e-03
3.882091212458286922e+00 3.260258445962342932e-01 3.117423153101458455e-01 6.177555965242315268e-03
3.893214682981090302e+00 3.242447350946333628e-01 3.129914148648725858e-01 6.121204770278949880e-03
3.904338153503893238e+00 3.224715733410207785e-01 3.142419079123490722e-01 6.065428874416673062e-03
3.915461624026696619e+00 3.207063635375564936e-01 3.154960084642511320e-01 6.010246125430947217e-03
3.926585094549499555e+00 3.189472060848361767e-01 3.167546511527538078e-01 5.955543812635038028e-03
3.937708565072302491e+00 3.171965430603738700e-01 3.180132670680298479e-01 5.901304750024103166e-03
3.948832035595105872e+00 3.154532820256120695e-01 3.192691264915890059e-01 5.847412422826331856e-03
3.959955506117908808e+00 3.137133756058820833e-01 3.205229739289258140e-01 5.793712164702775197e-03
3.971078976640712188e+00 3.119788134570979921e-01 3.217739872223492337e-01 5.740297025388277526e-03
3.982202447163515124e+00 3.102523485226162392e-01 3.230235217792548630e-01 5.687319932460278837e-03
3.993325917686318061e+00 3.085325149241140985e-01 3.242763671649336321e-01 5.634801729574506757e-03
4.004449388209120997e+00 3.068193501312005966e-01 3.255332063434502321e-01 5.582770248461578488e-03
4.015572858731924377e+00 3.051140564552122236e-01 3.267900742620428733e-01 5.531235577251960439e-03
4.026696329254727758e+00 3.034133103363619854e-01 3.280457018719303286e-01 5.480034780603670191e-03
4.037819799777531138e+00 3.017157642181191313e-01 3.293003370025089915e-01 5.429063884431446080e-03
4.048943270300333630e+00 3.000263712578091768e-01 3.305527537311689912e-01 5.378438764796896095e-03
4.060066740823137010e+00 2.983472156932853170e-01 3.318042779813817345e-01 5.328235746961041373e-03
4.071190211345940391e+00 2.966748569034797778e-01 3.330578171179878755e-01 5.278406950457717982e-03
4.082313681868742883e+00 2.950065795629837617e-01 3.343123698209293782e-01 5.228939593058722080e-03
4.093437152391546263e+00 2.933429344082828516e-01 3.355655879744789405e-01 5.179896773002289588e-03
4.104560622914349644e+00 2.916818657830101968e-01 3.368185980079728137e-01 5.131221994364704338e-03
4.115684093437152136e+00 2.900222885337506162e-01 3.380725215825959862e-01 5.082843562376026039e-03
4.126807563959955516e+00 2.883673738535914577e-01 3.393244725113036542e-01 5.034786944294930740e-03
4.137931034482758896e+00 2.867221343651324417e-01 3.405750079977063471e-01 4.987131449177921970e-03
4.149054505005562277e+00 2.850885917576448936e-01 3.418284184927099512e-01 4.939895986779217936e-03
4.160177975528364769e+00 2.834672580394116403e-01 3.430859367009437277e-01 4.893095028691205745e-03
4.171301446051168149e+00 2.818574454729098622e-01 3.443439446122671943e-01 4.846741921613219664e-03
4.182424916573971529e+00 2.802532313629775840e-01 3.455998705036349428e-01 4.800716444362619628e-03
4.193548387096774022e+00 2.786479764009769378e-01 3.468534512776851875e-01 4.754874791254294804e-03
4.204671857619577402e+00 2.770417431938614339e-01 3.481043472119806914e-01 4.709244359050715825e-03
4.215795328142380782e+00 2.754399875487857363e-01 3.493530157952169923e-01 4.663979067815894781e-03
4.226918798665183274e+00 2.738457167936438341e-01 3.506034137087797875e-01 4.619143648765060804e-03
4.238042269187986655e+00 2.722597395280180743e-01 3.518585108691994479e-01 4.574733722965683945e-03
4.249165739710790035e+00 2.706830392419291575e-01 3.531163691407337435e-01 4.530752369617407731e-03
4.260289210233593415e+00 2.691150985425795894e-01 3.543731200281202143e-01 4.487167012821208743e-03
4.271412680756395908e+00 2.675519162813688179e-01 3.556282884042250569e-01 4.443854125929640533e-03
4.282536151279199288e+00 2.659924002712427682e-01 3.568828979321538863e-01 4.400773800682800628e-03
4.293659621802002668e+00 2.644401777876362325e-01 3.581368404760683077e-01 4.358016474275772448e-03
4.304783092324805160e+00 2.628973723058961598e-01 3.593893735414941948e-01 4.315633778850866756e-03
4.315906562847608541e+00 2.613621669439608053e-01 3.606424994274191054e-01 4.273579685835348155e-03
4.327030033370411921e+00 2.598324504904280796e-01 3.618969135796812897e-01 4.231816675793799616e-03
4.338153503893214413e+00 2.583087489783732482e-01 3.631507862581890289e-01 4.190393577430522390e-03
4.349276974416017794e+00 2.567900029451825605e-01 3.644031941099293292e-01 4.149322863661097059e-03
4.360400444938821174e+00 2.552717135984407526e-01 3.656548647504817007e-01 4.108518672368344400e-03
4.371523915461624554e+00 2.537521132197088081e-01 3.669060826344769932e-01 4.067949588326851169e-03
4.382647385984427046e+00 2.522358914979712097e-01 3.681568551096273123e-01 4.027727195009306489e-03
4.393770856507230427e+00 2.507280051843777113e-01 3.694089351426569912e-01 3.987938951033269397e-03
4.404894327030033807e+00 2.492300226211291159e-01 3.706651933297074875e-01 3.948561597664278049e-03
4.416017797552836299e+00 2.477425174431478194e-01 3.719251030660855051e-01 3.909542153324792324e-03
4.427141268075639680e+00 2.462662012349680907e-01 3.731840744886748551e-01 3.870845741429179698e-03
4.438264738598443060e+00 2.447988638311684173e-01 3.744388267984464225e-01 3.832390743631744479e-03
4.449388209121245552e+00 2.433365069739492348e-01 3.756897528960597143e-01 3.794086820231096484e-03
4.460511679644048932e+00 2.418780533834663793e-01 3.769384578196305902e-01 3.755955004609897157e-03
4.471635150166852313e+00 2.404265142407491784e-01 3.781857598400273912e-01 3.718143431062390352e-03
4.482758620689655693e+00 2.389824548995904963e-01 3.794345923349737304e-01 3.680740002629949697e-03
4.493882091212458185e+00 2.375430291681993600e-01 3.806882832645447357e-01 3.643729978735773048e-03
4.505005561735261566e+00 2.361063617628590960e-01 3.819460913071078267e-01 3.607093014172566350e-03
4.516129032258064946e+00 2.346720738563932984e-01 3.832043785349433795e-01 3.570807884589773454e-03
4.527252502780867438e+00 2.332393307123512005e-01 3.844609377678642192e-01 3.534805089265394360e-03
4.538375973303670818e+00 2.318081416371912118e-01 3.857156376450179835e-01 3.499012129351411655e-03
4.549499443826474199e+00 2.303816146285791733e-01 3.869684757153004639e-01 3.463428530937670731e-03
4.560622914349276691e+00 2.289644701253050474e-01 3.882194654036668635e-01 3.428108162337918739e-03
4.571746384872080071e+00 2.275594977713499278e-01 3.894697508962894905e-01 3.393087671727116131e-03
4.582869855394883452e+00 2.261664351607572399e-01 3.907209799273994033e-01 3.358368091486036225e-03
4.593993325917686832e+00 2.247833605700115533e-01 3.919736012179184104e-01 3.323947491034551401e-03
4.605116796440489324e+00 2.234076649688442329e-01 3.932267995139477335e-01 3.289831805098721203e-03
4.616240266963292704e+00 2.220361017557271610e-01 3.944799765995836149e-01 3.256015914095846016e-03
4.627363737486096085e+00 2.206654534483662444e-01 3.957332447179785495e-01 3.222478830250447360e-03
4.638487208008898577e+00 2.192941995162231983e-01 3.969866770465837469e-01 3.189207938523640207e-03
4.649610678531701957e+00 2.179232206057145071e-01 3.982398707397927784e-01 3.156209057763138988e-03
4.660734149054505338e+00 2.165550336746137894e-01 3.994926648805782188e-01 3.123492559130977911e-03
4.671857619577307830e+00 2.151924654326526076e-01 4.007454576318392747e-01 3.091056313256785107e-03
4.682981090100111210e+00 2.138381250403339484e-01 4.019986946345362466e-01 3.058893392848449980e-03
4.694104560622914590e+00 2.124939602379909698e-01 4.032521844661196009e-01 3.027000818104958087e-03
4.705228031145717971e+00 2.111605941690646859e-01 4.045053588344869056e-01 2.995376585548124859e-03
4.716351501668520463e+00 2.098368633641283232e-01 4.057578984438749425e-01 2.964011698237551014e-03
4.727474972191323843e+00 2.085203193465117733e-01 4.070098753591536167e-01 2.932894678259824733e-03
4.738598442714127223e+00 2.072083780019952359e-01 4.082614540638766498e-01 2.902023444297986959e-03
4.749721913236929716e+00 2.058991969475378880e-01 4.095127884412506081e-01 2.871407722037347746e-03
4.760845383759733096e+00 2.045919459974998300e-01 4.107642147161558732e-01 2.841059792306845078e-03
4.771968854282536476e+00 2.032868320617648994e-01 4.120162618963633117e-01 2.810986533320333769e-03
4.783092324805339857e+00 2.019850904021935900e-01 4.132692941282216093e-01 2.781189584433542677e-03
4.794215795328142349e+00 2.006886889777543537e-01 4.145231924391017397e-01 2.751667020656403846e-03
4.805339265850945729e+00 1.993996150112674060e-01 4.157774421376135843e-01 2.722410776949926899e-03
4.816462736373749109e+00 1.981191367377382606e-01 4.170314552925273310e-01 2.693404859539188026e-03
4.827586206896551602e+00 1.968475141072284496e-01 4.182847619877482770e-01 2.664630931414587248e-03
4.838709677419354982e+00 1.955841513712773816e-01 4.195370362246745866e-01 2.636077855163314419e-03
4.849833147942158362e+00 1.943278400209826062e-01 4.207881742542482484e-01 2.607745923810736530e-03
4.860956618464960854e+00 1.930769411623310117e-01 4.220384398858695874e-01 2.579643169170054220e-03
4.872080088987764235e+00 1.918296653681079711e-01 4.232884370644563465e-01 2.551779657098260466e-03
4.883203559510567615e+00 1.905845337377788107e-01 4.245388142556864586e-01 2.524164713936272262e-03
4.894327030033370995e+00 1.893408091020711004e-01 4.257899438648428680e-01 2.496805532270347967e-03
4.905450500556173488e+00 1.880986542154842178e-01 4.270418484739507692e-01 2.469704396757474614e-03
4.916573971078976868e+00 1.868590423662469524e-01 4.282943375762399696e-01 2.442856468176534193e-03
4.927697441601780248e+00 1.856235906014694625e-01 4.295471292036355249e-01 2.416251702618735231e-03
4.938820912124582740e+00 1.843943383698692373e-01 4.307998791058160193e-01 2.389879887224169702e-03
4.949944382647386121e+00 1.831733561749150918e-01 4.320522368275036551e-01 2.363733943962251487e-03
4.961067853170189501e+00 1.819622109465560134e-01 4.333039857150248753e-01 2.337809432143905883e-03
4.972191323692991993e+00 1.807615357393638766e-01 4.345551411464283476e-01 2.312103245051182285e-03
4.983314794215795374e+00 1.795709231361656832e-01 4.358058957098023267e-01 2.286614479030493838e-03
4.994438264738598754e+00 1.783891077276237025e-01 4.370564905055475124e-01 2.261346113586386406e-03
5.005561735261402134e+00 1.772142534053725849e-01 4.383071632231713699e-01 2.236304224241682237e-03
5.016685205784204626e+00 1.760442552770851432e-01 4.395581700550033610e-01 2.211494516848282101e-03
5.027808676307008007e+00 1.748770916414155996e-01 4.408097446547746268e-01 2.186919172837539695e-03
5.038932146829811387e+00 1.737112166741411334e-01 4.420619510883342373e-01 2.162576038486005436e-03
5.050055617352613879e+00 1.725458683311956454e-01 4.433145693785724983e-01 2.138459313468610550e-03
5.061179087875417260e+00 1.713811738413351660e-01 4.445671594033880902e-01 2.114560420187824776e-03
5.072302558398220640e+00 1.702180786603922358e-01 4.458192656295589806e-01 2.090869608696971273e-03
5.083426028921023132e+00 1.690581816674769089e-01 4.470705976204161769e-01 2.067379137160236992e-03
5.094549499443826512e+00 1.679034763071452496e-01 4.483210934796872937e-01 2.044086457254033762e-03
5.105672969966629893e+00 1.667559438081282486e-01 4.495709027750348086e-01 2.020994480650499785e-03
5.116796440489433273e+00 1.656170557503123253e-01 4.508203350782711838e-01 1.998108420992802860e-03
5.127919911012235765e+00 1.644873925905178114e-01 4.520697604268859582e-01 1.975432129400514665e-03
5.139043381535039146e+00 1.633665612695304470e-01 4.533194702091679629e-01 1.952966939912566388e-03
5.150166852057842526e+00 1.622534050301900899e-01 4.545695964494624319e-01 1.930712929186244450e-03
5.161290322580645018e+00 1.611463580679138030e-01 4.558201711457685046e-01 1.908670390964574415e-03
5.172413793103448398e+00 1.600438082063420087e-01 4.570712630886629158e-01 1.886840079548027325e-03
5.183537263626251779e+00 1.589444104401610269e-01 4.583230203027846006e-01 1.865222554188547630e-03
5.194660734149054271e+00 1.578473057320161910e-01 4.595755374217938560e-01 1.843817042688768301e-03
5.205784204671857651e+00 1.567521907839005135e-01 4.608286491519669181e-01 1.822619719465178121e-03
5.216907675194661032e+00 1.556592378871504423e-01 4.620818318054565887e-01 1.801621886094981239e-03
5.228031145717464412e+00 1.545689775218218043e-01 4.633343019725656431e-01 1.780810069639901560e-03
5.239154616240266904e+00 1.534822668023029246e-01 4.645852760281912186e-01 1.760169791871459043e-03
5.250278086763070284e+00 1.524003462413398569e-01 4.658342959681043838e-01 1.739692073873523766e-03
5.261401557285873665e+00 1.513248431051363030e-01 4.670815124876136482e-01 1.719378916711161763e-03
5.272525027808676157e+00 1.502575660390956802e-01 4.683277866575455417e-01 1.699243918778778339e-03
5.283648498331479537e+00 1.492000677776748607e-01 4.695744763784846509e-01 1.679307034667232301e-03
5.294771968854282918e+00 1.481531137945382715e-01 4.708229133819206713e-01 1.659585793006204853e-03
5.305895439377085410e+00 1.471162814933268392e-01 4.720737887167390512e-01 1.640087170397411384e-03
5.317018909899888790e+00 1.460878762318170709e-01 4.733267938298452715e-01 1.620803762241250674e-03
5.328142380422692170e+00 1.450652428116534221e-01 4.745807447985430083e-01 1.601716015595501660e-03
5.339265850945495551e+00 1.440454047230425583e-01 4.758341280046055055e-01 1.582799685874314343e-03
5.350389321468298043e+00 1.430258357140634928e-01 4.770857622980532731e-01 1.564035438654076682e-03
5.361512791991101423e+00 1.420050939757679376e-01 4.783352422030429651e-01 1.545416302357972838e-03
5.372636262513904803e+00 1.409830904257530215e-01 4.795829953402300783e-01 1.526949388068814381e-03
5.383759733036707296e+00 1.399609045463323376e-01 4.808299953676727356e-01 1.508650977280777405e-03
5.394883203559510676e+00 1.389402828132294820e-01 4.820773060028791246e-01 1.490537694515167710e-03
5.406006674082314056e+00 1.379231068775629288e-01 4.833256850378008229e-01 1.472618907670612907e-03
5.417130144605116548e+00 1.369110790450229487e-01 4.845753799039334564e-01 1.454894399947248692e-03
5.428253615127919929e+00 1.359056394337930518e-01 4.858261350552954827e-01 1.437356949545337634e-03
5.439377085650723309e+00 1.349079937450542721e-01 4.870773796538781508e-01 1.419997017532100003e-03
5.450500556173526689e+00 1.339191158927071079e-01 4.883285291622171953e-01 1.402806561126235252e-03
5.461624026696329182e+00 1.329396485812181505e-01 4.895792402500406815e-01 1.385780207393627747e-03
5.472747497219132562e+00 1.319697640951054962e-01 4.908294725365989208e-01 1.368914604612599291e-03
5.483870967741935942e+00 1.310091176487929443e-01 4.920793897075497747e-01 1.352208102937681308e-03
5.494994438264738434e+00 1.300569087674104396e-01 4.933291934444756222e-01 1.335661010833749836e-03
5.506117908787541815e+00 1.291119147883146856e-01 4.945789372727032451e-01 1.319274242839001132e-03
5.517241379310345195e+00 1.281725163298910175e-01 4.958284788253808362e-01 1.303047038176720351e-03
5.528364849833147687e+00 1.272368456088401323e-01 4.970776295298950931e-01 1.286976333550084260e-03
5.539488320355951068e+00 1.263029337704629218e-01 4.983261538357962595e-01 1.271056032500936413e-03
5.550611790878754448e+00 1.253689722560274722e-01 4.995737094248764998e-01 1.255278448221054752e-03
5.561735261401557828e+00 1.244340436028637115e-01 5.008203892927128864e-01 1.239644040799860267e-03
5.572858731924360320e+00 1.234983172827767289e-01 5.020668242721697538e-01 1.224162781079942688e-03
5.583982202447163701e+00 1.225627538984438158e-01 5.033139456138535639e-01 1.208848338067544659e-03
5.595105672969967081e+00 1.216286599207836022e-01 5.045626424725936365e-01 1.193710938814201462e-03
5.606229143492769573e+00 1.206973239031099848e-01 5.058134071383617592e-01 1.178752637766648879e-03
5.617352614015572954e+00 1.197698339707697485e-01 5.070660287901911367e-01 1.163966387697551582e-03
5.628476084538376334e+00 1.188470878726756996e-01 5.083195581614696756e-01 1.149338770738110018e-03
5.639599555061178826e+00 1.179299707797420022e-01 5.095727413060793243e-01 1.134855637305919778e-03
5.650723025583982206e+00 1.170194902238923251e-01 5.108246078292120185e-01 1.120506930082282955e-03
5.661846496106785587e+00 1.161167639422075598e-01 5.120748577921219180e-01 1.106288802267738113e-03
5.672969966629588967e+00 1.152227398477438519e-01 5.133236649613850400e-01 1.092200980954714145e-03
5.684093437152391459e+00 1.143381228167741764e-01 5.145715363038281254e-01 1.078246815658715635e-03
5.695216907675194840e+00 1.134633773753763869e-01 5.158192506049038561e-01 1.064433766251211833e-03
5.706340378197998220e+00 1.125983669894010941e-01 5.170673760461022006e-01 1.050767461542155600e-03
5.717463848720800712e+00 1.117421010611715504e-01 5.183159455846602093e-01 1.037246898414927870e-03
5.728587319243604092e+00 1.108929692675420520e-01 5.195647153358368131e-01 1.023866716641125361e-03
5.739710789766407473e+00 1.100491062822995941e-01 5.208134002235900173e-01 1.010620987647512002e-03
5.750834260289210853e+00 1.092086736619484466e-01 5.220616981067349727e-01 9.975053979645049761e-04
5.761957730812013345e+00 1.083701240071443667e-01 5.233094351686775614e-01 9.845190767270347709e-04
5.773081201334816726e+00 1.075323462881762615e-01 5.245567491197423715e-01 9.716647572822715174e-04
5.784204671857620106e+00 1.066946853107502563e-01 5.258041237381748667e-01 9.589473746828954199e-04
5.795328142380422598e+00 1.058568345012186329e-01 5.270521998509338779e-01 9.463712679886535084e-04
5.806451612903225978e+00 1.050187192126289110e-01 5.283014092189273203e-01 9.339378227260886718e-04
5.817575083426029359e+00 1.041804432118050017e-01 5.295516884082546172e-01 9.216446898643794895e-04
5.828698553948831851e+00 1.033423026203420941e-01 5.308024549395482516e-01 9.094864917993467296e-04
5.839822024471635231e+00 1.025048352846297944e-01 5.320529040730306303e-01 8.974564632550975120e-04
5.850945494994438612e+00 1.016688815374548055e-01 5.333023516407131570e-01 8.855485355772262307e-04
5.862068965517241992e+00 1.008356107948984726e-01 5.345505207330178976e-01 8.737591021467990427e-04
5.873192436040044484e+00 1.000064988947294842e-01 5.357976234837040774e-01 8.620881402035409464e-04
5.884315906562847864e+00 9.918324559869701185e-02 5.370442671979654969e-01 8.505394480806450531e-04
5.895439377085651245e+00 9.836756709954634637e-02 5.382911871880388111e-01 8.391189816024602561e-04
5.906562847608453737e+00 9.756092925309610420e-02 5.395390568260456376e-01 8.278322123877843598e-04
5.917686318131257117e+00 9.676424778609236943e-02 5.407882309165320533e-01 8.166808323758850902e-04
5.928809788654060497e+00 9.597771893503785623e-02 5.420385871756617790e-01 8.056610638358871479e-04
5.939933259176862990e+00 9.520082674824553726e-02 5.432895399993524777e-01 7.947641585157310274e-04
5.951056729699666370e+00 9.443269907703769062e-02 5.445404265999650439e-01 7.839813622561447870e-04
5.962180200222469750e+00 9.367235936765566651e-02 5.457907445801195578e-01 7.733069782095633449e-04
5.973303670745273131e+00 9.291886095264802192e-02 5.470402849227640196e-01 7.627394324595922421e-04
5.984427141268075623e+00 9.217114475558210729e-02 5.482889716715513284e-01 7.522783459054890355e-04
5.995550611790879003e+00 9.142816998285094310e-02 5.495370190708604996e-01 7.419252401404008868e-04
6.006674082313682383e+00 9.068888355977143545e-02 5.507847813631110423e-01 7.316820039756554090e-04
6.017797552836484876e+00 8.995240636750095886e-02 5.520328406105928787e-01 7.215522995086279473e-04
6.028921023359288256e+00 8.921774519520929425e-02 5.532814395217872105e-01 7.115367357088710210e-04
6.040044493882091636e+00 8.848401963222753130e-02 5.545306075553141367e-01 7.016351113987087662e-04
6.051167964404894128e+00 8.775028807842846779e-02 5.557798888653506797e-01 6.918435269534069449e-04
6.062291434927697509e+00 8.701596079383845661e-02 5.570290359049734352e-01 6.821594516992998160e-04
6.073414905450500889e+00 8.628065606718811342e-02 5.582777295363913206e-01 6.725795833787636714e-04
6.084538375973304269e+00 8.554423864057709992e-02 5.595256558961542170e-01 6.631004192919572916e-04
6.095661846496106762e+00 8.480710572676231074e-02 5.607727048279870230e-01 6.537220877695600930e-04
6.106785317018910142e+00 8.407018486310398331e-02 5.620193382365524792e-01 6.444486324093140917e-04
6.117908787541713522e+00 8.333484173323181532e-02 5.632663482620311468e-01 6.352871873821282645e-04
6.129032258064516014e+00 8.260254202427370906e-02 5.645145495587314821e-01 6.262442216667254242e-04
6.140155728587319395e+00 8.187455783380528929e-02 5.657644110840794882e-01 6.173225051863059920e-04
6.151279199110122775e+00 8.115181754090199095e-02 5.670158142187893269e-01 6.085199466330855778e-04
6.162402669632925267e+00 8.043484921243299057e-02 5.682681986883205694e-01 5.998296965339073401e-04
6.173526140155728648e+00 7.972403111794824915e-02 5.695206132159297274e-01 5.912439052491662945e-04
6.184649610678532028e+00 7.901968857707128424e-02 5.707720465103341967e-01 5.827554742853278220e-04
6.195773081201335408e+00 7.832212477217960489e-02 5.720217692667006748e-01 5.743588829282102182e-04
6.206896551724137900e+00 7.763175375396939859e-02 5.732694513526114255e-01 5.660520469564521212e-04
6.218020022246941281e+00 7.694901007844386076e-02 5.745152666849104861e-01 5.578354129057751243e-04
6.229143492769744661e+00 7.627427330800827521e-02 5.757595849283733136e-01 5.497110179244181711e-04
6.240266963292547153e+00 7.560779395129840763e-02 5.770029025565323044e-01 5.416815223149636527e-04
6.251390433815350534e+00 7.494958230787003572e-02 5.782459345509252113e-01 5.337489356977233096e-04
6.262513904338153914e+00 7.429940143551040654e-02 5.794890074781535727e-01 5.259142481529519020e-04
6.273637374860956406e+00 7.365666448372673591e-02 5.807318925099074214e-01 5.181759592947796306e-04
6.284760845383759786e+00 7.302068959209337407e-02 5.819745304021990417e-01 5.105329612223188191e-04
6.295884315906563167e+00 7.239103756944291479e-02 5.832172897452501115e-01 5.029878575060396867e-04
6.307007786429366547e+00 7.176652458582381822e-02 5.844596780998276842e-01 4.955352104345737019e-04
6.318131256952169039e+00 7.114607907820948152e-02 5.857017032271205625e-01 4.881714279464315184e-04
6.329254727474972420e+00 7.052881558735582535e-02 5.869433164512969370e-01 4.808948215065285414e-04
6.340378197997775800e+00 6.991403770455467681e-02 5.881842382077629994e-01 4.737052949010750686e-04
6.351501668520578292e+00 6.930103287894320840e-02 5.894243335126064798e-01 4.666022868539988766e-04
6.362625139043381672e+00 6.868929871137317844e-02 5.906634374554231570e-01 4.595860925868874847e-04
6.373748609566185053e+00 6.807850246556408635e-02 5.919015618315193183e-01 4.526570452573666745e-04
6.384872080088987545e+00 6.746811016224721347e-02 5.931392584239238985e-01 4.458132553264528334e-04
6.395995550611790925e+00 6.685782141355138541e-02 5.943769154353487627e-01 4.390539045153081521e-04
6.407119021134594306e+00 6.624776880693801495e-02 5.956147096859382151e-01 4.323794147299609195e-04
6.418242491657397686e+00 6.563788692460989505e-02 5.968531502621051699e-01 4.257882798956808207e-04
6.429365962180200178e+00 6.502817077827804937e-02 5.980924508510769844e-01 4.192799080141911211e-04
6.440489432703003558e+00 6.441921194074073931e-02 5.993323782862938209e-01 4.128554345523519509e-04
6.451612903225806939e+00 6.381150735545453034e-02 6.005729136663748857e-01 4.065138196312399971e-04
6.462736373748609431e+00 6.320501889419585795e-02 6.018140192790958354e-01 4.002522552879368700e-04
6.473859844271412811e+00 6.260010792932965695e-02 6.030549920397656471e-01 3.940698691092495588e-04
6.484983314794216192e+00 6.199775284008613579e-02 6.042950187164414233e-01 3.879656299719522520e-04
6.496106785317018684e+00 6.139833734869613868e-02 6.055336545040602703e-01 3.819360892515846762e-04
6.507230255839822064e+00 6.080156167325265204e-02 6.067705018119905480e-01 3.759786782223217935e-04
6.518353726362625444e+00 6.020820733891170395e-02 6.080052002713399739e-01 3.700936569827374678e-04
6.529477196885428825e+00 5.962003107512226646e-02 6.092378210749732625e-01 3.642817847348170488e-04
6.540600667408231317e+00 5.903743120308358600e-02 6.104689966018953529e-01 3.585446461739319902e-04
6.551724137931034697e+00 5.845958994451373736e-02 6.116992516186635642e-01 3.528855803627703675e-04
6.562847608453838077e+00 5.788767404530344163e-02 6.129290990012499218e-01 3.473080712493644296e-04
6.573971078976640570e+00 5.732512038225618528e-02 6.141596774221741439e-01 3.418135122492075174e-04
6.585094549499443950e+00 5.677148364428541427e-02 6.153920086103374931e-01 3.363962949638310660e-04
6.596218020022247330e+00 5.622014272986079059e-02 6.166277867707914417e-01 3.310496184380347590e-04
6.607341490545049822e+00 5.567663266386431442e-02 6.178682462338626058e-01 3.257633324345143963e-04
6.618464961067853203e+00 5.514465728600713434e-02 6.191144596758519913e-01 3.205257160504737957e-04
6.629588431590656583e+00 5.461187419722873804e-02 6.203686008090978365e-01 3.153297737189739158e-04
6.640711902113459963e+00 5.406882099014343607e-02 6.216295590410589877e-01 3.101662641747257804e-04
6.651835372636262456e+00 5.353270169669568923e-02 6.228936339513925224e-01 3.050414742770846555e-04
6.662958843159065836e+00 5.301904934421909632e-02 6.241569623417757562e-01 2.999781960271008627e-04
6.674082313681869216e+00 5.251105662882590147e-02 6.254139728029265433e-01 2.949989055513462400e-04
6.685205784204671708e+00 5.199391960414623259e-02 6.266524765605272496e-01 2.901467316343047049e-04
6.696329254727475089e+00 5.150933567601818919e-02 6.278359493396449276e-01 2.855593912730096601e-04
6.707452725250278469e+00 5.109555621248262208e-02 6.288925207626374636e-01 2.815101511223432160e-04
6.718576195773081849e+00 5.075844521725639963e-02 6.297510620893712607e-01 2.782553400075590930e-04
6.729699666295884342e+00 5.047820470993089059e-02 6.304500434882366333e-01 2.756236074246437464e-04
6.740823136818687722e+00 5.016351107755347843e-02 6.312731594718853367e-01 2.725583780358004191e-04
6.751946607341491102e+00 4.960950816128847224e-02 6.327442955374124045e-01 2.671717987443332823e-04
6.763070077864293594e+00 4.859204680664989950e-02 6.352963075417595862e-01 2.580106990414415716e-04
6.774193548387096975e+00 4.727378232767676797e-02 6.385736464823217329e-01 2.466165581508431015e-04
6.785317018909900355e+00 4.643606965550123311e-02 6.407771465240670317e-01 2.391871079950959377e-04
6.796440489432702847e+00 4.691054110448868164e-02 6.396656065807897473e-01 2.429094222296902859e-04
6.807563959955506228e+00 4.866507039059191075e-02 6.353233069609652839e-01 2.579124001420990409e-04
6.818687430478309608e+00 5.068136008848223018e-02 6.302931568155691888e-01 2.762408243871063477e-04
6.829810901001112988e+00 5.215013431303712477e-02 6.266894932834234933e-01 2.899965032238404120e-04
6.840934371523915480e+00 5.291620262960849974e-02 6.248670643354448107e-01 2.971557083311100853e-04
6.852057842046718861e+00 5.322186889987008673e-02 6.241507321754873328e-01 3.000087799417620990e-04
6.863181312569522241e+00 5.334218256268686426e-02 6.238631015497985155e-01 3.011600900165265372e-04
6.874304783092324733e+00 5.341265877837939741e-02 6.236824484640828281e-01 3.018812577506920381e-04
6.885428253615128114e+00 5.350042364477850670e-02 6.234501481870169393e-01 3.028033683777062494e-04
6.896551724137931494e+00 5.360474521057356778e-02 6.231679838739676569e-01 3.039154258816893772e-04
6.907675194660733986e+00 5.369920456410813558e-02 6.229003671479205195e-01 3.049589021008665846e-04
6.918798665183537366e+00 5.376771131036508361e-02 6.226896819526590576e-01 3.057679755838337444e-04
6.929922135706340747e+00 5.381219905738981318e-02 6.225373452327108703e-01 3.063445200650743994e-04
6.941045606229144127e+00 5.384380300929229868e-02 6.224222545328240708e-01 3.067801517329486749e-04
6.952169076751946619e+00 5.387251449790405461e-02 6.223227539273639142e-01 3.071646637288594326e-04
6.963292547274750000e+00 5.390219597940196228e-02 6.222280063409444395e-01 3.075402846295267889e-04
6.974416017797553380e+00 5.393131257065553186e-02 6.221382278566530699e-01 3.079017129835860895e-04
6.985539488320355872e+00 5.395702705609031757e-02 6.220591989938095701e-01 3.082226239133824697e-04
6.996662958843159252e+00 5.397896927827636887e-02 6.219953805567269844e-01 3.084825172737018506e-04
7.007786429365962633e+00 5.400058975162328606e-02 6.219462752669605576e-01 3.086827485390623957e-04
7.018909899888765125e+00 5.402729845932505159e-02 6.219066549638617714e-01 3.088443179467416475e-04
7.030033370411568505e+00 5.406321805369337929e-02 6.218699306728627807e-01 3.089938455283061983e-04
7.041156840934371886e+00 5.410913191897359642e-02 6.218318900510148017e-01 3.091480209848451841e-04
7.052280311457175266e+00 5.416317302166037684e-02 6.217923250693634385e-01 3.093068067247219327e-04
7.063403781979977758e+00 5.422340745501470771e-02 6.217540116825100993e-01 3.094585421054827138e-04
7.074527252502781138e+00 5.428966012687358456e-02 6.217203763397113336e-01 3.095903043386035217e-04
7.085650723025584519e+00 5.436266251499873720e-02 6.216936351589231746e-01 3.096946932150825113e-04
7.096774193548387011e+00 5.444120585664346396e-02 6.216742950798622713e-01 3.097702829417618817e-04
7.107897664071190391e+00 5.452002452135032429e-02 6.216615867152461838e-01 3.098188561361084662e-04
7.119021134593993771e+00 5.459085431252231474e-02 6.216540194746927872e-01 3.098436762471547582e-04
7.130144605116796264e+00 5.464664171006743121e-02 6.216497697566432112e-01 3.098496548660595535e-04
7.141268075639599644e+00 5.468595687189620191e-02 6.216471923997995974e-01 3.098429541700094486e-04
7.152391546162403024e+00 5.471370221414605800e-02 6.216455985162603337e-01 3.098282990661491263e-04
7.163515016685206405e+00 5.473652645824639978e-02 6.216457131816850445e-01 3.098062341410988516e-04
7.174638487208008897e+00 5.475555966672836228e-02 6.216490500221990567e-01 3.097742052089111353e-04
7.185761957730812277e+00 5.476234148811962021e-02 6.216564950501811682e-01 3.097312363671209101e-04
7.196885428253615657e+00 5.474365415935684986e-02 6.216674530029354662e-01 3.096811123178430875e-04
7.208008898776418150e+00 5.468399915499450037e-02 6.216803236340068262e-01 3.096307023659914054e-04
7.219132369299221530e+00 5.456931798646545012e-02 6.216936260764460709e-01 3.095857759452869443e-04
7.230255839822024910e+00 5.440761548570589856e-02 6.217064394648204040e-01 3.095492957028316331e-04
7.241379310344827402e+00 5.422275957134312790e-02 6.217181135398817116e-01 3.095222935585596855e-04
7.252502780867630783e+00 5.402939416271849288e-02 6.217281118445652233e-01 3.095044459608793869e-04
7.263626251390434163e+00 5.381124413583766863e-02 6.217360520820024439e-01 3.094945933059784046e-04
7.274749721913237543e+00 5.352390102603602623e-02 6.217418021990529509e-01 3.094913604052354494e-04
7.285873192436040036e+00 5.312488801357142382e-02 6.217456893888859693e-01 3.094928894278620602e-04
7.296996662958843416e+00 5.261124663134214563e-02 6.217483649464674578e-01 3.094971436028243423e-04
7.308120133481646796e+00 5.203380506789997972e-02 6.217505009909690683e-01 3.095022611902698440e-04
7.319243604004449288e+00 5.147168333388103811e-02 6.217530128511656873e-01 3.095047914532765565e-04
7.330367074527252669e+00 5.097722032666007763e-02 6.217568918910790776e-01 3.094999745477680858e-04
7.341490545050056049e+00 5.053058535172001708e-02 6.217623233752203049e-01 3.094859383865854185e-04
7.352614015572858541e+00 5.003731873377209594e-02 6.217686001613428326e-01 3.094650671559583447e-04
7.363737486095661922e+00 4.937877959584969362e-02 6.217750723861680262e-01 3.094405268334210913e-04
7.374860956618465302e+00 4.849136017709988061e-02 6.217811345852068960e-01 3.094159278815011849e-04
7.385984427141268682e+00 4.742405712250961913e-02 6.217861029535250994e-01 3.093952167658876981e-04
7.397107897664071174e+00 4.633597839317810108e-02 6.217894110812698383e-01 3.093814706931167103e-04
7.408231368186874555e+00 4.542798734676335021e-02 6.217918983092290963e-01 3.093715076641384999e-04
7.419354838709677935e+00 4.483594778087621191e-02 6.217958001054544326e-01 3.093566404500765416e-04
7.430478309232480427e+00 4.455155322278583907e-02 6.218018337686357366e-01 3.093339122133026853e-04
7.441601779755283808e+00 4.441539823274177901e-02 6.218076193045002364e-01 3.093110839350072128e-04
7.452725250278087188e+00 4.417756603054935616e-02 6.218103830201843207e-01 3.092944698917458987e-04
7.463848720800889680e+00 4.336050990997685622e-02 6.218108696302980798e-01 3.092809050042049247e-04
7.474972191323693060e+00 4.064093808075146252e-02 6.218098312959517981e-01 3.092713986126892573e-04
7.486095661846496441e+00 3.560880220236344040e-02 6.218073356676279140e-01 3.092678250016117365e-04
7.497219132369299821e+00 2.881752334455491005e-02 6.218056269269924830e-01 3.092651052878252530e-04
7.508342602892102313e+00 2.139465761132566812e-02 6.218066489922419171e-01 3.092551916759341099e-04
7.519466073414905694e+00 1.460875796101712525e-02 6.218079868005766953e-01 3.092452814308984266e-04
7.530589543937709074e+00 9.311420219081991204e-03 6.218015861311639858e-01 3.092528426099435020e-04
7.541713014460511566e+00 5.930781341901396504e-03 6.217883043390604048e-01 3.092685042887578003e-04
7.552836484983314946e+00 4.145448650579358109e-03 6.217772807277111013e-01 3.092754851176795572e-04
7.563959955506118327e+00 3.555880288783963734e-03 6.217734621949700946e-01 3.092727535234235923e-04
7.575083426028920819e+00 3.406231519314751807e-03 6.217747426061687177e-01 3.092656247724709828e-04
7.586206896551724199e+00 3.410481296863971269e-03 6.217754450136561140e-01 3.092593254969794553e-04
7.597330367074527580e+00 3.460405027722577003e-03 6.217718180798322836e-01 3.092573393042881815e-04
7.608453837597330960e+00 3.526449749090947768e-03 6.217636244199959972e-01 3.092597024251091142e-04
7.619577308120133452e+00 3.585212658438901873e-03 6.217537270727853116e-01 3.092632099885104092e-04
7.630700778642936832e+00 3.624950989001121931e-03 6.217457168608793161e-01 3.092638633138922676e-04
7.641824249165740213e+00 3.646826300300435707e-03 6.217396250636353372e-01 3.092614942591098422e-04
7.652947719688542705e+00 3.654420208994058842e-03 6.217319786113527647e-01 3.092598648589324505e-04
7.664071190211346085e+00 3.656691041063338601e-03 6.217213724264348818e-01 3.092606062125118332e-04
7.675194660734149465e+00 3.657517170409947324e-03 6.217107718565074714e-01 3.092606708225019343e-04
7.686318131256952846e+00 3.658486888637966453e-03 6.217035979198818341e-01 3.092564940427795003e-04
7.697441601779755338e+00 3.660640349456850771e-03 6.217006790536583338e-01 3.092472659238606927e-04
7.708565072302558718e+00 3.664951384539855313e-03 6.217007954754708576e-01 3.092343758329080088e-04
7.719688542825362099e+00 3.672131065905023545e-03 6.217009409438070122e-01 3.092210967569715614e-04
7.730812013348164591e+00 3.682458965738067639e-03 6.216956019684154455e-01 3.092133867196321969e-04
7.741935483870967971e+00 3.695807309260479376e-03 6.216768560771767094e-01 3.092198482230594536e-04
7.753058954393771351e+00 3.711645965771477942e-03 6.216514280554319427e-01 3.092335520941550189e-04
7.764182424916573844e+00 3.729224732435660033e-03 6.216363690446905510e-01 3.092364940196491415e-04
7.775305895439377224e+00 3.747843873317050455e-03 6.216375574857300190e-01 3.092224535600922634e-04
7.786429365962180604e+00 3.766932965674217853e-03 6.216443881778624947e-01 3.092027618153333221e-04
7.797552836484983985e+00 3.785923038111771617e-03 6.216444855463165720e-01 3.091906651913130417e-04
7.808676307007786477e+00 3.804135093370139900e-03 6.216358678342626121e-01 3.091883084902694707e-04
7.819799777530589857e+00 3.820832746523919205e-03 6.216241323038045330e-01 3.091897405529435362e-04
7.830923248053393237e+00 3.835379217175074237e-03 6.216139058077129187e-01 3.091901047576957762e-04
7.842046718576195730e+00 3.847376476273205344e-03 6.216056867609421888e-01 3.091890447772014478e-04
7.853170189098999110e+00 3.856727160854593432e-03 6.215984185435793341e-01 3.091879043803875743e-04
7.864293659621802490e+00 3.863619021183095203e-03 6.215925423321837506e-01 3.091863615838868866e-04
7.875417130144604982e+00 3.868459273004800063e-03 6.215901138455198760e-01 3.091821804796861771e-04
7.886540600667408363e+00 3.871758941419385907e-03 6.215959260561646493e-01 3.091698768020035952e-04
7.897664071190211743e+00 3.874132440848959517e-03 6.216048094142802016e-01 3.091546301371493437e-04
7.908787541713015123e+00 3.876176440838416393e-03 6.216073597330036282e-01 3.091462300607776634e-04
7.919911012235817616e+00 3.878329933035707527e-03 6.216022349956685789e-01 3.091458588053327657e-04
7.931034482758620996e+00 3.880885918089780999e-03 6.215928950538565090e-01 3.091497418568654254e-04
7.942157953281424376e+00 3.884056238046189845e-03 6.215792096861211258e-01 3.091581982949706910e-04
7.953281423804226868e+00 3.887937456716701080e-03 6.215619544588300016e-01 3.091704775561720663e-04
7.964404894327030249e+00 3.892463000534029070e-03 6.215503736562142389e-01 3.091763189393129845e-04
7.975528364849833629e+00 3.897501046748878904e-03 6.215539643942405990e-01 3.091649855359878438e-04
7.986651835372636121e+00 3.903005668315257925e-03 6.215688724107334417e-01 3.091403467611237329e-04
7.997775305895439502e+00 3.909022522102462670e-03 6.215806522347271379e-01 3.091180000781423983e-04
8.008898776418241994e+00 3.915562158784437891e-03 6.215794824517317796e-01 3.091085945172414762e-04
8.020022246941046262e+00 3.922508113508584374e-03 6.215674620649344062e-01 3.091097498043863427e-04
8.031145717463848754e+00 3.929630466082517995e-03 6.215520610410096847e-01 3.091131940769007835e-04
8.042269187986651247e+00 3.936640264686795850e-03 6.215374028113792582e-01 3.091143545116213751e-04
8.053392658509455515e+00 3.943226079856326609e-03 6.215229738673285764e-01 3.091137855235608772e-04
8.064516129032258007e+00 3.949076521550350799e-03 6.215086456344349752e-01 3.091116089563570625e-04
8.075639599555062276e+00 3.953922979092710024e-03 6.214985150203886644e-01 3.091032203228052727e-04
8.086763070077864768e+00 3.957588095451439886e-03 6.215011392036969839e-01 3.090790441115385590e-04
8.097886540600667260e+00 3.960163876919411269e-03 6.215092977440294097e-01 3.090470036722586886e-04
8.109010011123471529e+00 3.961940504104706495e-03 6.215045034311420524e-01 3.090276749878929116e-04
8.120133481646274021e+00 3.963136975975376820e-03 6.214828133388597964e-01 3.090257927201025493e-04
8.131256952169076513e+00 3.963837869034409975e-03 6.214573452539773335e-01 3.090274015858639222e-04
8.142380422691880781e+00 3.964133665583706966e-03 6.214389716785526652e-01 3.090210766558040270e-04
8.153503893214683274e+00 3.964200394178166859e-03 6.214256858080491330e-01 3.090095314065054513e-04
8.164627363737485766e+00 3.964200445673122727e-03 6.214136441541556755e-01 3.089972862526895576e-04
8.175750834260290034e+00 3.964264604516660150e-03 6.214023411882453329e-01 3.089849274757249051e-04
8.186874304783092526e+00 3.964504693187587830e-03 6.213920931080034737e-01 3.089719823391433046e-04
8.197997775305895019e+00 3.964996701653368365e-03 6.213848663047610854e-01 3.089561352593793138e-04
8.209121245828699287e+00 3.965749089511604909e-03 6.213862822524062191e-01 3.089311280237844724e-04
8.220244716351501779e+00 3.966868950221138015e-03 6.213858046216840236e-01 3.089087300141138740e-04
8.231368186874304271e+00 3.968424261630131532e-03 6.213735292579242175e-01 3.089001098901410680e-04
8.242491657397108540e+00 3.970337425459599841e-03 6.213538407953338449e-01 3.089006170077969330e-04
8.253615127919911032e+00 3.972474445607310743e-03 6.213362609673305226e-01 3.088998038129121305e-04
8.264738598442713524e+00 3.974753054870063494e-03 6.213234901548140288e-01 3.088946170695104935e-04
8.275862068965517793e+00 3.977135456129882694e-03 6.213117346716049427e-01 3.088890580740681407e-04
8.286985539488320285e+00 3.979547942181776987e-03 6.212987384458181772e-01 3.088853355373731222e-04
8.298109010011124553e+00 3.981847056975344745e-03 6.212872368379972476e-01 3.088800883329905910e-04
8.309232480533927045e+00 3.983864880416716249e-03 6.212815864973946223e-01 3.088681413419494949e-04
8.320355951056729538e+00 3.985429253550660904e-03 6.212892937451481856e-01 3.088408517941873804e-04
8.331479421579533806e+00 3.986638456900197178e-03 6.212926004732536311e-01 3.088176638213111468e-04
8.342602892102336298e+00 3.987582109334240378e-03 6.212818981031665855e-01 3.088090954509648445e-04
8.353726362625138790e+00 3.988227103318245023e-03 6.212670426255776368e-01 3.088041913562498356e-04
8.364849833147943059e+00 3.988597511922148744e-03 6.212533596586431450e-01 3.087971041577098328e-04
8.375973303670745551e+00 3.988769300951114372e-03 6.212400621316841454e-01 3.087887682372435672e-04
8.387096774193548043e+00 3.988848122465129750e-03 6.212223591100297648e-01 3.087844764178648382e-04
8.398220244716352312e+00 3.988863855733533123e-03 6.212041130313770143e-01 3.087798104102746060e-04
8.409343715239154804e+00 3.988829836359278000e-03 6.211914911998924760e-01 3.087677479999535821e-04
8.420467185761957296e+00 3.988848067276310090e-03 6.211799828885103958e-01 3.087531855771336736e-04
8.431590656284761565e+00 3.988975810297038307e-03 6.211674386566093942e-01 3.087385695659401177e-04
8.442714126807564057e+00 3.989226983863771066e-03 6.211531942504293635e-01 3.087248934268683152e-04
8.453837597330366549e+00 3.989590450779873822e-03 6.211379336997659983e-01 3.087117827196251500e-04
8.464961067853170817e+00 3.990064696640600005e-03 6.211221020150544669e-01 3.086991503311190335e-04
8.476084538375973310e+00 3.990653976932646146e-03 6.211067307675758320e-01 3.086861933934302495e-04
8.487208008898775802e+00 3.991358931482940665e-03 6.210934114018598073e-01 3.086713887123914844e-04
8.498331479421580070e+00 3.992196235668808192e-03 6.210809035141668932e-01 3.086562977909673754e-04
8.509454949944382562e+00 3.993159989935986948e-03 6.210686608976258016e-01 3.086417309233876398e-04
8.520578420467186831e+00 3.994209649399142401e-03 6.210575773318738335e-01 3.086269389925999250e-04
8.531701890989989323e+00 3.995296858193600129e-03 6.210476552780350712e-01 3.086121606388461842e-04
8.542825361512791815e+00 3.996377156826803889e-03 6.210384695795052590e-01 3.085980698709108578e-04
8.553948832035596084e+00 3.997406036602206732e-03 6.210299924040899588e-01 3.085847844815748460e-04
8.565072302558398576e+00 3.998303250753499488e-03 6.210251757785940629e-01 3.085689035976660419e-04
8.576195773081201068e+00 3.998949442367473288e-03 6.210299806640593445e-01 3.085435292591883318e-04
8.587319243604005337e+00 3.999384752069181162e-03 6.210333181835473448e-01 3.085206238634230600e-04
8.598442714126807829e+00 3.999730385308171605e-03 6.210200784270109020e-01 3.085164916416872124e-04
8.609566184649610321e+00 3.999998852907659698e-03 6.209942079929745562e-01 3.085262654281632202e-04
8.620689655172414589e+00 4.000142441092081197e-03 6.209699975501938862e-01 3.085338257094940467e-04
8.631813125695217082e+00 4.000105430081243515e-03 6.209611461288485623e-01 3.085238978260522740e-04
8.642936596218019574e+00 3.999944651436684179e-03 6.209645113173806186e-01 3.085001538868591651e-04
8.654060066740823842e+00 3.999868259020163130e-03 6.209572833271842507e-01 3.084886511275219002e-04
8.665183537263626334e+00 3.999922245436873455e-03 6.209356569578124985e-01 3.084945392912781157e-04
8.676307007786428827e+00 3.999920410255696293e-03 6.209233762874998286e-01 3.084920633937144317e-04
8.687430478309233095e+00 3.999884418814802708e-03 6.209226966966581163e-01 3.084792737780254362e-04
8.698553948832035587e+00 3.999961513033510434e-03 6.209259323790119467e-01 3.084649531052435388e-04
8.709677419354839856e+00 4.000175987047653592e-03 6.209201415731380180e-01 3.084628584150157348e-04
8.720800889877642348e+00 4.000284754931826905e-03 6.209171039780964074e-01 3.084592720573303541e-04
8.731924360400444840e+00 4.000306860142364800e-03 6.209141759685109507e-01 3.084568467163961367e-04
8.743047830923249109e+00 4.000339072490100185e-03 6.209111065608446944e-01 3.084551524481839190e-04
8.754171301446051601e+00 4.000472865888079696e-03 6.209064548674310124e-01 3.084555954425375213e-04
8.765294771968854093e+00 4.000893282541522454e-03 6.208996861865657690e-01 3.084594112321820104e-04
8.776418242491658361e+00 4.001441681270822420e-03 6.208986769823581220e-01 3.084571852903228439e-04
8.787541713014460854e+00 4.001922734686948202e-03 6.209007397904976466e-01 3.084511320913628095e-04
8.798665183537263346e+00 4.002228257933570371e-03 6.208994073487629217e-01 3.084497560871775953e-04
8.809788654060067614e+00 4.002224384930082139e-03 6.208951710383704414e-01 3.084520708600947767e-04
8.820912124582870106e+00 4.001908806880591189e-03 6.208919639773233801e-01 3.084516736934248362e-04
8.832035595105672598e+00 4.001513704667545614e-03 6.208958925572732879e-01 3.084438801367088900e-04
8.843159065628476867e+00 4.001206486110216523e-03 6.209024491663210910e-01 3.084342549871065247e-04
8.854282536151279359e+00 4.001022961860895531e-03 6.209218774520962603e-01 3.084071073491890169e-04
8.865406006674081851e+00 4.001316393386406337e-03 6.209390970057295789e-01 3.083815878873005681e-04
8.876529477196886120e+00 4.002187026620301381e-03 6.209133209909498685e-01 3.084052459746763767e-04
8.887652947719688612e+00 4.002582189781717439e-03 6.208832829549644217e-01 3.084269014161462527e-04
8.898776418242491104e+00 4.001924777602774291e-03 6.208703829134014640e-01 3.083974083526928281e-04
8.909899888765295373e+00 4.000037720447107911e-03 6.207973969649268620e-01 3.082717929425602896e-04
8.921023359288097865e+00 3.994671771909466887e-03 6.202414066956080108e-01 3.077067297368786558e-04
8.932146829810902133e+00 3.967464567353571649e-03 6.170301181225680276e-01 3.041922505419068323e-04
8.943270300333704625e+00 3.798611343975989100e-03 5.975593696738634719e-01 2.833616662545937448e-04
8.954393770856507118e+00 2.596812076969514521e-03 4.399289874434523795e-01 1.493804747598586333e-04
8.965517241379311386e+00 1.177092840377910732e-03 6.139422266608472734e-02 6.809019645976170270e-06
8.976640711902113878e+00 1.010918439533863705e-03 8.693305278703711931e-04 1.397987969531592912e-08
8.987764182424916370e+00 1.000222197198700558e-03 7.772297861141147106e-07 4.051397245111001326e-11
8.998887652947720639e+00 1.000000060146658942e-03 1.446371237140381222e-11 4.000000234585843647e-11
9.010011123470523131e+00 1.000000000000497453e-03 8.011728311854688788e-17 4.000000000001999209e-11
9.021134593993325623e+00 1.000000000000000021e-03 2.583161410819448703e-21 4.000000000000001697e-11
9.032258064516129892e+00 1.000000000000000021e-03 -1.135002548736795978e-23 4.000000000000001697e-11
9.043381535038932384e+00 1.000000000000000021e-03 0.000000000000000000e+00 4.000000000000001697e-11
9.054505005561734876e+00 1.000000000000000021e-03 0.000000000000000000e+00 4.000000000000001697e-11
9.065628476084539145e+00 1.000000000000000021e-03 0.000000000000000000e+00 4.000000000000001697e-11
9.076751946607341637e+00 1.000000000000000021e-03 0.000000000000000000e+00 4.000000000000001697e-11
9.087875417130144129e+00 1.000000000000000021e-03 0.000000000000000000e+00 4.000000000000001697e-11
9.098998887652948397e+00 1.000000000000000021e-03 0.000000000000000000e+00 4.000000000000001697e-11
9.110122358175750890e+00 1.000000000000000021e-03 0.000000000000000000e+00 4.000000000000001697e-11
9.121245828698553382e+00 1.000000000000000021e-03 0.000000000000000000e+00 4.000000000000001697e-11
9.132369299221357650e+00 1.000000000000000021e-03 0.000000000000000000e+00 4.000000000000001697e-11
9.143492769744160142e+00 1.000000000000000021e-03 0.000000000000000000e+00 4.000000000000001697e-11
9.154616240266964411e+00 1.000000000000000021e-03 0.000000000000000000e+00 4.000000000000001697e-11
9.165739710789766903e+00 1.000000000000000021e-03 0.000000000000000000e+00 4.000000000000001697e-11
9.176863181312569395e+00 1.000000000000000021e-03 0.000000000000000000e+00 4.000000000000001697e-11
9.187986651835373664e+00 1.000000000000000021e-03 0.000000000000000000e+00 4.000000000000001697e-11
9.199110122358176156e+00 1.000000000000000021e-03 0.000000000000000000e+00 4.000000000000001697e-11
9.210233592880978648e+00 1.000000000000000021e-03 0.000000000000000000e+00 4.000000000000001697e-11
9.221357063403782917e+00 1.000000000000000021e-03 0.000000000000000000e+00 4.000000000000001697e-11
9.232480533926585409e+00 1.000000000000000021e-03 0.000000000000000000e+00 4.000000000000001697e-11
9.243604004449387901e+00 1.000000000000000021e-03 0.000000000000000000e+00 4.000000000000001697e-11
9.254727474972192169e+00 1.000000000000000021e-03 0.000000000000000000e+00 4.000000000000001697e-11
9.265850945494994662e+00 1.000000000000000021e-03 0.000000000000000000e+00 4.000000000000001697e-11
9.276974416017797154e+00 1.000000000000000021e-03 0.000000000000000000e+00 4.000000000000001697e-11
9.288097886540601422e+00 1.000000000000000021e-03 0.000000000000000000e+00 4.000000000000001697e-11
9.299221357063403914e+00 1.000000000000000021e-03 0.000000000000000000e+00 4.000000000000001697e-11
9.310344827586206407e+00 1.000000000000000021e-03 0.000000000000000000e+00 4.000000000000001697e-11
9.321468298109010675e+00 1.000000000000000021e-03 0.000000000000000000e+00 4.000000000000001697e-11
9.332591768631813167e+00 1.000000000000000021e-03 0.000000000000000000e+00 4.000000000000001697e-11
9.343715239154615659e+00 1.000000000000000021e-03 0.000000000000000000e+00 4.000000000000001697e-11
9.354838709677419928e+00 1.000000000000000021e-03 0.000000000000000000e+00 4.000000000000001697e-11
9.365962180200222420e+00 1.000000000000000021e-03 0.000000000000000000e+00 4.000000000000001697e-11
9.377085650723026689e+00 1.000000000000000021e-03 0.000000000000000000e+00 4.000000000000001697e-11
9.388209121245829181e+00 1.000000000000000021e-03 0.000000000000000000e+00 4.000000000000001697e-11
9.399332591768631673e+00 1.000000000000000021e-03 0.000000000000000000e+00 4.000000000000001697e-11
9.410456062291435941e+00 1.000000000000000021e-03 0.000000000000000000e+00 4.000000000000001697e-11
9.421579532814238434e+00 1.000000000000000021e-03 0.000000000000000000e+00 4.000000000000001697e-11
9.432703003337040926e+00 1.000000000000000021e-03 0.000000000000000000e+00 4.000000000000001697e-11
9.443826473859845194e+00 1.000000000000000021e-03 0.000000000000000000e+00 4.000000000000001697e-11
9.454949944382647686e+00 1.000000000000000021e-03 0.000000000000000000e+00 4.000000000000001697e-11
9.466073414905450178e+00 1.000000000000000021e-03 0.000000000000000000e+00 4.000000000000001697e-11
9.477196885428254447e+00 1.000000000000000021e-03 0.000000000000000000e+00 4.000000000000001697e-11
9.488320355951056939e+00 1.000000000000000021e-03 0.000000000000000000e+00 4.000000000000001697e-11
9.499443826473859431e+00 1.000000000000000021e-03 0.000000000000000000e+00 4.000000000000001697e-11
9.510567296996663700e+00 1.000000000000000021e-03 0.000000000000000000e+00 4.000000000000001697e-11
9.521690767519466192e+00 1.000000000000000021e-03 0.000000000000000000e+00 4.000000000000001697e-11
9.532814238042268684e+00 1.000000000000000021e-03 0.000000000000000000e+00 4.000000000000001697e-11
9.543937708565072953e+00 1.000000000000000021e-03 0.000000000000000000e+00 4.000000000000001697e-11
9.555061179087875445e+00 1.000000000000000021e-03 0.000000000000000000e+00 4.000000000000001697e-11
9.566184649610679713e+00 1.000000000000000021e-03 0.000000000000000000e+00 4.000000000000001697e-11
9.577308120133482205e+00 1.000000000000000021e-03 0.000000000000000000e+00 4.000000000000001697e-11
9.588431590656284698e+00 1.000000000000000021e-03 0.000000000000000000e+00 4.000000000000001697e-11
9.599555061179088966e+00 1.000000000000000021e-03 0.000000000000000000e+00 4.000000000000001697e-11
9.610678531701891458e+00 1.000000000000000021e-03 0.000000000000000000e+00 4.000000000000001697e-11
9.621802002224693950e+00 1.000000000000000021e-03 0.000000000000000000e+00 4.000000000000001697e-11
9.632925472747498219e+00 1.000000000000000021e-03 0.000000000000000000e+00 4.000000000000001697e-11
9.644048943270300711e+00 1.000000000000000021e-03 0.000000000000000000e+00 4.000000000000001697e-11
9.655172413793103203e+00 1.000000000000000021e-03 0.000000000000000000e+00 4.000000000000001697e-11
9.666295884315907472e+00 1.000000000000000021e-03 0.000000000000000000e+00 4.000000000000001697e-11
9.677419354838709964e+00 1.000000000000000021e-03 0.000000000000000000e+00 4.000000000000001697e-11
9.688542825361512456e+00 1.000000000000000021e-03 0.000000000000000000e+00 4.000000000000001697e-11
9.699666295884316725e+00 1.000000000000000021e-03 0.000000000000000000e+00 4.000000000000001697e-11
9.710789766407119217e+00 1.000000000000000021e-03 0.000000000000000000e+00 4.000000000000001697e-11
9.721913236929921709e+00 1.000000000000000021e-03 0.000000000000000000e+00 4.000000000000001697e-11
9.733036707452725977e+00 1.000000000000000021e-03 0.000000000000000000e+00 4.000000000000001697e-11
9.744160177975528470e+00 1.000000000000000021e-03 0.000000000000000000e+00 4.000000000000001697e-11
9.755283648498330962e+00 1.000000000000000021e-03 0.000000000000000000e+00 4.000000000000001697e-11
9.766407119021135230e+00 1.000000000000000021e-03 0.000000000000000000e+00 4.000000000000001697e-11
9.777530589543937722e+00 1.000000000000000021e-03 0.000000000000000000e+00 4.000000000000001697e-11
9.788654060066741991e+00 1.000000000000000021e-03 0.000000000000000000e+00 4.000000000000001697e-11
9.799777530589544483e+00 1.000000000000000021e-03 0.000000000000000000e+00 4.000000000000001697e-11
9.810901001112346975e+00 1.000000000000000021e-03 0.000000000000000000e+00 4.000000000000001697e-11
9.822024471635151244e+00 1.000000000000000021e-03 0.000000000000000000e+00 4.000000000000001697e-11
9.833147942157953736e+00 1.000000000000000021e-03 0.000000000000000000e+00 4.000000000000001697e-11
9.844271412680756228e+00 1.000000000000000021e-03 0.000000000000000000e+00 4.000000000000001697e-11
9.855394883203560497e+00 1.000000000000000021e-03 0.000000000000000000e+00 4.000000000000001697e-11
9.866518353726362989e+00 1.000000000000000021e-03 0.000000000000000000e+00 4.000000000000001697e-11
9.877641824249165481e+00 1.000000000000000021e-03 0.000000000000000000e+00 4.000000000000001697e-11
9.888765294771969749e+00 1.000000000000000021e-03 0.000000000000000000e+00 4.000000000000001697e-11
9.899888765294772242e+00 1.000000000000000021e-03 0.000000000000000000e+00 4.000000000000001697e-11
9.911012235817574734e+00 1.000000000000000021e-03 0.000000000000000000e+00 4.000000000000001697e-11
9.922135706340379002e+00 1.000000000000000021e-03 0.000000000000000000e+00 4.000000000000001697e-11
9.933259176863181494e+00 1.000000000000000021e-03 0.000000000000000000e+00 4.000000000000001697e-11
9.944382647385983987e+00 1.000000000000000021e-03 0.000000000000000000e+00 4.000000000000001697e-11
9.955506117908788255e+00 1.000000000000000021e-03 0.000000000000000000e+00 4.000000000000001697e-11
9.966629588431590747e+00 1.000000000000000021e-03 0.000000000000000000e+00 4.000000000000001697e-11
9.977753058954393239e+00 1.000000000000000021e-03 0.000000000000000000e+00 4.000000000000001697e-11
9.988876529477197508e+00 1.000000000000000021e-03 0.000000000000000000e+00 4.000000000000001697e-11
1.000000000000000000e+01 1.000000000000000021e-03 0.000000000000000000e+00 4.000000000000001697e-11
